名字,链接,地址,介绍,开放时间,图片链接,评分,建议游玩时间,建议季节,门票,小贴士,Page
天一阁博物院Tianyi Pavilion Museum,http://travel.qunar.com/p-oi708185-tianyigebowuyuan,"

地址:
宁波市海曙区月湖之西天一街10号


电话:
0574-87293856,0574-872993856


官网:
http://www.tianyige.com.cn/

",天一阁博物院位于宁波市内的月湖西岸，这里坐落着我国现存非常古老的私人藏书楼——天一阁。它是明朝嘉靖年间（1561-1566年）卸任官员范钦所建的藏书处，楼中摆放着古籍与书案，处处弥漫着厚重的书香气息。博物馆其实是座江南园林，园区内的东园和南园错落有致地分布着假山、池塘、亭台等景致，走在古朴的砖木长廊内，感受清幽的环境。园内建有明州碑林，数百通石碑记载了古代官方的教育史。还有书画馆，时常会展出天一阁所藏历代书画精品和名人雅士的书画佳作。园区内另有天一阁建成之前的藏书处“东明草堂”、展示宁波民居建筑特色的“秦氏支祠”、以及范氏故居等建筑。而在麻将陈列馆中则可看到形形色色的麻将牌，让你了解到麻将文化的起源与发展。,5/1-10/31(夏令时) 08:30-17:30;11/1-4/30(冬令时) 08:30-17:00,https://img1.qunarzz.com/travel/d8/1702/2f/c0e88ee9f053d9b5.jpg_480x360x95_6f9e3314.jpg,4.7,建议游览时间：1小时 - 3小时,四季皆宜。,"{'天一阁博物馆门票成人票\n\n': ['¥27起'], '天一阁博物馆门票学生票\n\n': ['¥15起'], '天一阁博物馆门票老人票\n\n': ['¥15起']}",,1
渔山列岛Yushan Islands,http://travel.qunar.com/p-oi703791-yushanliedao,"

地址:
宁波市象山县

",渔山列岛距石浦东南约二十多海里，岛礁棋布，暗礁林立，海水清澈。它处于南北洋流交汇带，鱼类、贝类、藻类资源丰富，是亚洲首屈一指的钓场。渔山列岛有南渔山和北渔山之分，常说的渔山通指的是北渔山。岛上防空洞到处可见，景点有灯塔、仙人桥、破城顶、渔村等，逢游客较多的夜晚，还会举办篝火晚会、烧烤等活动，是休闲、度假、海钓、游泳、野营的好地方。,全年 全天开放,https://img1.qunarzz.com/travel/d2/1701/78/d93cf5dc166902b5.jpg_480x360x95_7a11f975.jpg,4.6,建议游览时间：3小时 - 5小时,夏季最佳，注意避开台风。,具体收费情况以现场公示为主,,1
老外滩Old Bund,http://travel.qunar.com/p-oi3732063-laowaitan,"

地址:
宁波市江北区江夏街与甬江大桥交汇口


电话:
0574-87381842,0574-87630000


官网:
http://lwt.nbjb.gov.cn/

",老外滩位于三江口，宁波的正中心，比上海外滩的历史还早20年。如今，老外滩仍保存着大量漂亮的欧式老建筑，它们大多改作了小资的酒吧和餐厅，形成一片颇有情调的休闲区，是宁波的地标之一。宁波老外滩和上海外滩有些相似，又多了几分精致，来这里走走逛逛，拍拍老建筑，或者找家小店坐下来喝点东西都很惬意。这里白天很安静，三三两两的游客在街上闲逛，常常能看到新人在这里拍婚纱照。到了晚上，街上热闹非常，酒吧飘出婉转的歌声，韵味十足。走到江边，欣赏三江口的迷人夜色，和爱人一起散步很是浪漫，而每到夏天，甬江边也是纳凉的好去处。老外滩的建筑也是一大看点，虽然都不能进去参观，但仅是外观也很有味道。无论白天还是晚上，南面的哥特式建筑江北天主教堂都是游客的焦点，旁边的断壁有几分圆明园的感觉，是老外滩的标志。教堂周边有和德坊、和泰坊、紫林坊、宏昌源号、江北巡捕房，都是很有特色的老建筑。另外值得一看的是位于扬善路和中北路口的石库门建筑群朱宅，西式雕花和宁波传统民居相结合，梅雨红石做的门框配上黑漆厚重的木门和一副铜环，非常别致。除此之外，还可以去街道北面的宁波城市展览馆，在这里可以通过三维虚拟演示感受宁波的过去和未来，有种身临其境的奇妙感觉。,全年 全天开放,https://img1.qunarzz.com/travel/d2/1510/67/2fb0cd92118f97f7.jpg_480x360x95_c967cf9a.jpg,4.6,建议游览时间：1小时 - 3小时,,"{'三江夜游往返船票成人票\n\n': ['¥98起'], '三江夜游往返船票大小同价\n\n': ['¥98起'], '三江夜游往返船票优待票\n\n': ['¥60起']}",,1
南塘老街Nantang Old Street,http://travel.qunar.com/p-oi10011930-nantanglaojie,"

地址:
宁波市海曙区南郊路236号


电话:
0574-87306555

",南塘老街位于宁波古城南门外，曾经是旧宁波商贸文化聚集地的“南门三市”，位列宁波八大历史街区之一。老街完整保留500多米的江南传统街巷，并在设计建设中成功将老街的历史神韵、建筑特色以及名人文化融入街区布局，再现百年来宁波人经商交易、日常生活的浓厚风气。老街入口是“南塘老街”的牌坊，街两边是青墙乌瓦、雕花阁楼，不过因为都是重修过的，所以显得比较新。街两边的小店大多是卖宁波小吃的，各色各样的小吃都有，可以尽情一路吃到底，可以说是吃货们的天堂。南塘老街还有众多人文古迹：南宋“淳熙四先生”之一袁燮及其后代世居于此，此外还有知名电影艺术家袁牧之的故居、古明州通向浙南和浙西的咽喉要道甬水桥、建于清光绪年间的永善亭，以及关圣殿、同茂记、余氏宗祠、多处石砌的河埠头、众多的沿街店铺作坊等。,全年 9:00-21:00,https://tr-osdcp.qunarzz.com/tr-osd-tr-space/img/cabce55cf45e25b57d82830a485b81c8.jpg_480x360x95_4f63584d.jpg,4.5,建议游览时间：2小时 - 4小时,,"{'南塘老街电子讲解服务大小同价\n\n': ['¥7起'], '【酒店套餐】宁波开元名都大酒店1晚+双早+可购下午茶或晚餐或罗蒙环球城或东钱湖君澜半山汤泉单人温泉票\n\n': ['¥528起']}",,1
东钱湖Dongqian Lake,http://travel.qunar.com/p-oi713700-dongqianhu,"

地址:
宁波市鄞州区东钱湖镇内


电话:
400-826-8000,0574-83015959,0574-88373737


官网:
http://www.dqlaketour.com/

",东钱湖位于宁波东南近郊，面积比杭州西湖大了三四倍，不过东钱湖沿岸开发了各种收费景区，相比之下显得稍市侩些。想要享受东钱湖之美，可以花钱进入景区游玩，年轻人则更愿意骑自行车环湖，赏景拍照好不惬意。沿东钱湖分布着小普陀、陶公岛、福泉山、南宋石刻遗址公园、雅戈尔动物园等多个景区，还有一些自然村、小公园，通常会用周末的一两天挑几个感兴趣的游玩，并不会环游所有景点。环东钱湖有多条公交线路，可以到达几乎所有主要景区，很方便。人气景点：小普陀是湖中一道长堤，是东钱湖人气超高的景点，湖中心的霞屿禅寺总有许多人来烧香祈福。可以坐电瓶车直达水上观音，但更推荐沿着长堤走走，观赏东钱湖风光。从小普陀跨桥而过，是湖西的陶公岛，这里是本地的热门烧烤地，适合一群人一起来做拓展之类的活动，外地游客若时间紧，倒不必专门入内参观。如果带小朋友来，东钱湖北面的雅戈尔动物园是不错的选择，除了可爱的动物，还能玩旋转木马、碰碰车等游乐项目。东钱湖探幽：东钱湖适合探幽的景点集中在环湖东路，湖畔的南宋石刻遗址公园有南宋五个朝代的宰相的墓园，除了气派的墓道和石牌坊，更有200多尊栩栩如生的石像。公园内的博物馆梳理了南宋的历史和石刻发展史，还能看到许多周边地区的石刻文物，值得细细品味。南面的不远的福泉山上是大片的茶田，景色不错，旺季的时候还可以在上面的茶庄品茶。自驾车不可入内，山脚下检票处有上山的巴士，不过客满才发车，淡季比较难等，要做好心理准备。若是步行上山大约需要1小时。骑行东钱湖：除了参观景点，骑车环东钱湖可以说是非常受欢迎的活动，可以悠闲地欣赏沿岸的湖光山色和自然村落。沿湖有专用的自行车道，景区官方也有适合不同人群的骑行线路推荐。在游客中心、南面的水上乐园、马山湿地，以及北面的雅戈尔动物园等地有自行车驿站，提供各种类型的自行车租赁。此外，湖边还有多处码头，有水上巴士、摇橹船、快艇等，可以乘船往返沿岸景点，也可以包船环游东钱湖。,全天开放；其中景区内各景点开放时间详见景区现场公示。,https://img1.qunarzz.com/travel/d4/1505/70/e2febd52a74f3a.jpg_480x360x95_87922547.jpg,4.6,建议游览时间：3天 - 36小时,,"{'雅戈尔动物园门票成人票\n\n': ['¥70起'], '雅戈尔动物园门票儿童票\n\n': ['¥70起'], '雅戈尔动物园门票老人票\n\n': ['¥70起']}",,1
韩岭老街Ningbo Hanling Old Street,http://travel.qunar.com/p-oi10020098-hanlinglaojie,"

地址:
宁波市鄞州区东钱湖南岸


电话:
0574-88373737

",“浙东第一古街”——韩岭老街地处东钱湖南岸，三面环山，一面临湖，山水相依，自然风光秀美，属东钱湖南湖景区，距宁波市区约20公里。韩岭村历史源远流长，据传是因早年有韩姓居此而得名。据考证，唐天宝三年（公元744年）东钱湖疏竣时这里已有居民。王安石治鄞时（北宁庆历八年，公元1048年）重建湖界，那时韩岭村已形成逢五、逢十的定期集市。南宁丞相史浩（公元1140年）经韩岭去祖居下水村时，留下的《东湖游山》一书中就有“中有村号韩岭，渔歌樵斧声相参”之句，足见韩岭集市在当时已小有名气。在此后的几百年里，韩岭曾是宁波市区连接象山港的重要交通枢纽和水陆转运中心。韩岭的老街有两条，即前街后街，贯穿全村。商贸集中在前街，总长达500余米，它又分为下街、中街和上街。村里三十几家店铺多集中在下街，下街中间还有一条街溪缓缓流过。原来整条街都铺着青黑色的鹅卵石，现为水泥路。除此之外，老街仍保持着几百年前的风貌：两旁是清一色的二层楼房，灰瓦白墙，红漆门面，一间连着一间，绵延向前，使用的还是当年集市留下来的地名，如竹棚根，柴场等。村里还有口不大的小沙井，井水冬暖夏凉又带丝丝甜味，村里虽有自来水，但村民们还是喜欢吃小沙井的水。,全年 全天开放,https://tr-osdcp.qunarzz.com/tr-osd-tr-mapi/img/8455fd0d83e24a3c5baa222b3e304e2b.jpg_480x360x95_f36ae935.jpg,4.7,建议游览时间：1小时 - 2小时,,具体收费情况以现场公示为主,,1
雪窦山Xuedou Mountain,http://travel.qunar.com/p-oi704373-xuedoushan,"

地址:
宁波市奉化市溪口镇溪口风景区内


电话:
400-181-7718

",雪窦山景区位于溪口风景区内，主要包括雪窦山、雪窦寺两部分。山上风景秀丽，空气清新，瀑布溪流值得一看，山下雪窦寺以露天弥勒佛像最为抢眼。游玩雪窦山一般需要半天，步行和观光车、索道、交通车结合，十分便利。在雪窦山旅游集散中心乘交通车至三隐潭，依次游览上隐潭、中隐潭、下隐潭，这里是雪窦山最精华的部分，一条溪流在峡谷中形成三个潭，尤其是晴天的时候，下隐潭还可能看到彩虹。游玩三隐潭大约需要2小时，因为去到妙高台的索道16:00就没有了，所以至少要在13:30之前上山，不然就得走回头路，错过好几个景点。在下隐潭附近的观光车西站，可乘观光火车前往声势浩大的千丈岩瀑布，而后转乘索道上到妙高台。这两程需另购票50元，也可以步行，但比较累而且花时间。推荐乘坐交通工具，索道上还可以俯瞰千丈岩瀑布全景。妙高台陈列着一些历史文献，自古就是雪窦山登高揽胜和避暑的圣地，这里有一个平台，视野广阔，是观赏风景的好地方。站在妙高台上，远处亭下湖的景色可尽收眼底。从妙高台后面的小路一路下行，经过张学良幽禁地，步行十来分钟便是雪窦寺，这里是弥勒佛的道场，寺院是新修的，不过这里有一尊金光闪闪的露天弥勒大佛，不少人来这儿“抱佛脚”求平安。雪窦寺门口有交通车站，可乘车返回集散中心。以上是游玩雪窦山的最佳路线，不走回头路而且全程下坡。如果有两天时间，建议第一天中午到达溪口，买溪口风景区2日联票，午饭后上山，这样游玩时间正好，而且雪窦山上没有餐馆，只有一些小卖部提供基本食物。第二天上午游玩蒋氏故居之后便可返程了。此外，三隐潭西面三四公里的地方有一徐凫岩，也是一处不错的瀑布，不过走进去大概需要半小时，需原路步行返回，如果时间不多，可以考虑舍弃。,雪窦山景区三隐潭内索道及小火车时间: 列车西站售票时间:夏令时间 09:30-16:10;冬令时间09:30-15:40;  列车东站售票时间:夏令时间 09:40-15:30;冬令时间09:40-15:00;  索道上站售票时间:50 元/人联票的售票夏令时间 09:40-14:50;冬令时间 09:40-14:30; 索道双程票的售票时间:夏令时间 09:40-15:50;冬令时间 09:40-15:20 索道下站售票时间:夏令时间 09:40-16:30;冬令时间 09:40-16:00。 雪窦山景区往返大巴交通时间: 雪窦山游人中心---雪山中转站      夏令时间 08:00-16:30;冬令时间 08:00-16:00; 雪山中转站---三隐潭中转站	夏令时间 08:30-16:00;冬令时间 08:30-15:30; 三隐潭中转站---徐凫岩中转站 夏令时间 08:40-15:30;冬令时间 08:40-15:00。  徐凫岩中转站---三隐潭中转站  夏令时间 16:30 ;冬令时间 16:00（截止时间） 三隐潭中转站--雪山中转站	夏令时间 16:50 ；	冬令时间 16:25（截止时间） 雪山中转站-雪窦山游人中心	夏令时间 17:05 ;冬令时间 16:35（截止时间） 徐凫岩及三隐潭中转站因是终点，故无起始时间。,https://img1.qunarzz.com/travel/d8/1604/54/9c529e0b2b71a1f7.jpg_480x360x95_3f577b99.jpg,4.6,建议游览时间：12小时,,"{'雪窦山门票（含景区大巴）费成人票\n\n': ['¥150起'], '雪窦山门票（含景区大巴）费老人票\n\n': ['¥90起'], '民国大杂院门票成人票\n\n': ['¥45起']}",,1
城隍庙Chenghuang Temple,http://travel.qunar.com/p-oi705928-chenghuangmiao,"

地址:
宁波市海曙区县学街22号


电话:
0574-27893636

",城隍庙又称宁波郡庙，是宁波市中心的老牌商业中心。这里永远少不了熙熙攘攘的游人，无论是宁波缸鸭狗汤圆，还是各地小吃，在这里都不难找到，是游人感受宁波民间风情的好去处。宁波城隍庙的规模在国内算得上数一数二，上千家商铺在此云集，边吃边逛，总能淘到心仪的小玩意。城隍庙南面的天封塔是这一带的标志，可以登塔远望，俯瞰宁波繁闹的市井风光，别有一番滋味。城隍庙以北不远便是天一广场，这里是宁波新兴的商业区，购物环境更加现代。西面的月湖公园则是市中心一片宁静的风光带，沿湖漫步，观赏亭台园林，非常惬意。,全年 全天开放,https://img1.qunarzz.com/travel/d5/1611/8d/c75edb0ef7f838b5.jpg_480x360x95_d439d1ac.jpg,4.2,建议游览时间：1小时 - 2小时,,具体收费情况以现场公示为主,,1
前童古镇Qiantong Ancient Town,http://travel.qunar.com/p-oi715351-qiantongguzhen,"

地址:
宁波市宁海县前童镇镇中心


电话:
0574-65370300,0574-89521272

",前童古镇位于宁海县城西南14公里处，这里保留着一片明清时期的旧宅和老街，因为陈逸飞的电影《理发师》而被世人知晓。比起周庄和乌镇，这里景色更原始，几乎没有商业化游乐项目，更适合走走看看，拍拍照片。游览古镇之前，可以先登一下景区入口前的鹿山，其实就是一个小山坡，但是爬上去后视野很好，可以拍摄到整个古镇的全貌。另外，售票处并不在景点入口处，需要走几百米路才能到达，想要省力也可以坐电瓶车。古镇至今保留着老式的木结构瓦房，小镇内还居住着一些村民，民风淳朴，环境清幽。羊肠小道全部用鹅卵石铺就，非常整洁干净，游览时穿着舒适的鞋子非常有必要。一条水渠绕村内一圈，可以看到妇女在水渠边洗衣服、小孩在嬉戏。走在古镇的小路上，天气好的时候，可以看到很多老人坐在一起聊天晒太阳，安静恬然。这里没有过多修饰，没有城市喧闹，更多的是放松。整个古镇面积不大，逛一圈基本上2个小时就差不多了。目前镇上可供游览的景点主要有职思其居、明经堂、民俗博物馆、童氏宗祠、群峰簮笏和《理发师》拍摄地。你可以去职思其居看看典型的台州式风格四合院，这里曾经是前童小学的前身。去民俗博物馆看看这里的村民曾经使用过的生活、农业用具及民间手工艺品。最主要的就是《理发师》拍摄地，这里曾是当年陈逸飞拍摄的主要取景地，有时间有兴趣的话还能在旁边的逸飞影院看一场《理发师》，回味一下剧中场景。你可以按照指示牌，慢慢逛，好好游览每一个景点。如果走累了，也不要放过古镇里的美食，很多当地人在路边摆摊，你可以尝尝“前童三宝”（童豆腐、前童香干、前童空心腐），美味无比。另外，汤包、麦糊头、麦饼、麻糍等也别有风味，而且价格也都不贵。此外，如果是真心喜欢古镇风味的人，时间充裕的情况下也可以选择住在镇内，镇子上有一些私人开设的家庭小客栈，条件尚可，一般在30元至120元不等。可以品尝到古镇本地人自酿的酒。当然古镇客栈住宿是有门禁的，那里的人睡得很早，因此尽量不要晚归。,全年 08:00-17:00,https://img1.qunarzz.com/travel/d4/1801/f5/c1dcb058610f1ab5.jpg_480x360x95_28dda20e.jpg,4.2,建议游览时间：2小时 - 3小时,,"{'前童古镇门票成人票\n\n': ['¥50起'], '前童古镇门票儿童票\n\n': ['¥30起'], '前童古镇门票双人票\n\n': ['¥91起']}",,1
鼓楼Gulou,http://travel.qunar.com/p-oi705051-gulou,"

地址:
宁波市海曙区公园路2号


电话:
0574-87171559,0574-87171561

",鼓楼也叫做海曙楼，是宁波市仅存的古城楼遗址。它的下部是中国传统的城楼样式，城楼之上却是罗马风格的钟楼，中西合璧的造型别具一格。如今鼓楼周边是一片仿古步行购物区，油赞子之类的宁波特色小吃值得一尝。如今，鼓楼及附近的公园路一带已成为宁波主要文化活动的聚散地，楼内时常会举办画展、书法展、照片展。道路两旁是仿宁波传统建筑风格的商店，小青瓦双坡屋面、风火马头墙，还有各种精细的外墙木装饰，既具有宁波传统商业街的风貌，又具有强烈的历史文化质感。在东西两端入口处的两座古石牌坊，以及城墙遗址、子城历史变迁的石碑、鼓楼附近的永丰库遗址公园，可供你仔细品读宁波的历史。到了晚上，鼓楼一带人气很旺，景观灯亮起时格外适合拍夜景。,全年 9:00-17:00,https://img1.qunarzz.com/travel/d1/1709/ec/0545650ddb1019b5.jpg_480x360x95_b8f74849.jpg,4.5,建议游览时间：1小时 - 2小时,,具体收费情况以现场公示为主,,1
鸣鹤古镇Minghe Ancient Town,http://travel.qunar.com/p-oi5145466-mingheguzhen,"

地址:
宁波市慈溪市观海卫镇禹皇路999号


电话:
0574-63671996,0574-63671989

",鸣鹤古镇位于浙江宁波慈溪东南部，东距宁波50公里，北临329国道，建于唐开元年间，迄今已有1200多年历史，是三北一带的古老集镇之一，也是慈溪市唯一遗存的具有典型江南古镇风貌的古镇，有着“鹤皋风景赛姑苏”的美誉。鸣鹤古镇依白洋湖而建，并紧临五磊山风景区，是名副其实的山水古镇。古镇内的河流由西向东流经全镇，河上横跨着明代时期的古桥七座，沿河建有江南水乡特色的明清住宅，这些住宅多为豪宅，是鸣鹤叶氏经营国药业发家致富后所建。盐仓走马楼是我国南方四合院群体中很有个性特色的古建筑。沈氏旧宅堂内依然保存着子孙中举的捷报，捷单上挥之不去的书卷气息，正是古镇文化得以积淀和延续的见证。有着1700多年历史的浙东第一古刹——五磊寺和创建于梁大同年间的金山寺，都临近这座小镇，伴随寺庙的晨钟暮鼓和悠扬的诵经声，古镇似乎也增添了一份超凡脱俗的神秘色彩。,全年 全天开放,https://img1.qunarzz.com/travel/d8/1611/59/290475e948bb4db5.jpg_480x360x95_a826126c.jpg,4.4,建议游览时间：4小时 - 5小时,,具体收费情况以现场公示为主,,2
溪口风景区Xikou Scenic Area,http://travel.qunar.com/p-oi708736-xikoufengjingqu,"

地址:
宁波市奉化区溪口镇


电话:
4001817718


官网:
http://www.xikoutourism.com/

",溪口沿着宽阔的剡溪，依着以瀑布、溪水出彩的雪窦山，让它成了一处热门旅游地。如今溪口风景区包含蒋氏故居、雪窦山两大主要景区，值得你花上1-2天一探究竟。景区两个售票处分别在溪口镇上的武岭门（蒋氏故里门口），以及西边两景区交接处的游客集散中心。溪口风景区的旅游配套设施很完备，溪口客运站-武岭门-游客集散中心之间有绿色旅游公交往返。去雪窦山景区可乘车至游客集散中心，在此转乘绿色观光巴士（包含在雪窦山景区、统票门票内，不限次乘坐）至三隐潭，而后开始雪窦山的游览。行程安排：如果你是第一次来溪口，建议安排2天时间。比较推荐的行程是：第一天中午到达溪口，午饭后游玩雪窦山和山中的雪窦寺。晚上在溪口镇上留宿，第二天上午前往蒋氏故里，下午去到蒋母陵园。雪窦山攻略：游玩雪窦山大约需要大半天，山上非常养眼的自然景观是三隐潭的溪流与潭水，以及千丈岩的瀑布。由三隐潭出发，依次游览上、中、下三处潭水（约2小时），最后在下隐潭附近的观光车西站乘观光小火车去到千丈岩瀑布，转乘索道去到妙高台。在妙高台远眺亭下湖的景色是许多游客来到雪窦山的重要理由。在索道上俯瞰下面的千丈岩瀑布很是壮观。妙高台之后是常规的游览步道，一路下坡，很好走。不太久便可走到山下的雪窦寺，寺院比较新，可大致看看，这里有一尊露天大佛非常抢眼，许多游人在这儿“抱佛脚”求平安。雪窦寺门口也有绿色观光巴士站，乘车返回镇上即可。这样的安排是雪窦山比较合理的玩法，不仅能饱览山上的看点，全程下坡，而且不走回头路。蒋氏故居攻略：第二天早上由武岭门开始参观蒋氏故居景区，这里的主要景点沿着剡溪边的武岭路步行街排列，步行游览即可。值得一看的是入口附近的武岭学校、小洋房和文昌阁。其中，文昌阁在武山上，曾是蒋宋的别墅，现在悬挂着宋美龄的画作。另外，经堂路附近的丰镐房是蒋先生与毛福梅结婚的地方。里面的匾额楹联、雕刻堆塑也值得关注。西面的玉泰盐铺是蒋先生出生的地方，门额上刻着“清庐”二字。需要注意的是，景区有些小路通向外面的街道，游览时小心不要出了景区，门票只可用一次。蒋母陵墓在两景区交接处，包含在蒋氏故居景区门票内。陵园由蒋母墓道和杜鹃谷组成，风景很好。入口处有墓庐，曾是蒋先生的居所，有其手书的对联，现在这里是一个小型展览室。蒋母墓道的雕刻很精美，杜鹃谷视野开阔，郁郁葱葱的山林、草坪让人心旷神怡。,雪窦山景区三隐潭内索道及小火车时间: 列车西站售票时间:夏令时间 09:30-16:10;冬令时间  09:30-15:40; 列车东站售票时间:夏令时间 09:40-15:30;冬令时间  09:40-15:00;  索道上站售票时间:50 元/人联票的售票夏令时间 09:40-14:50;冬令时间 09:40-14:30 索道双程票的售票时间:夏令时间 09:40-15:50;冬令时间 09:40-15:20 索道下站售票时间:夏令时间 09:40-16:30;冬令时间 09:40-16:00。 雪窦山景区往返大巴交通时间: 雪窦山游人中心---雪山中转站      夏令时间 08:00-16:30;冬令时间 08:00-16:00; 雪山中转站---三隐潭中转站	夏令时间 08:30-16:00;冬令时间 08:30-15:30; 三隐潭中转站---徐凫岩中转站 夏令时间 08:40-15:30;冬令时间 08:40-15:00。  徐凫岩中转站---三隐潭中转站  夏令时间 16:30 ;冬令时间 16:00（截止时间） 三隐潭中转站--雪山中转站	夏令时间 16:50 ;冬令时间 16:25（截止时间） 雪山中转站-雪窦山游人中心	夏令时间 17:05 ;冬令时间 16:35（截止时间） 徐凫岩及三隐潭中转站因是终点，故无起始时间,https://img1.qunarzz.com/travel/d6/1603/e6/eb83cd01bb8f5cf7.jpg_480x360x95_8b14c10f.jpg,4.6,建议游览时间：3天 - 6天,,"{'雪窦山门票+景区内往返交通+单程小火车+单程索道票成人票\n\n': ['¥195起'], '蒋氏故里景区门票+雪窦山景区门票+景区接驳车+单程小火车+单程索道票成人票\n\n': ['¥255起'], '雪窦山门票（含景区大巴费）+蒋氏故居票学生票\n\n': ['¥120起']}",,2
象山影视城Xiangshan Movie and Television City,http://travel.qunar.com/p-oi714611-xiangshanyingshicheng,"

地址:
宁波市象山县新桥镇


电话:
400-711-3355,0574-65881333


官网:
http://www.xsysc.com/

",象山影视城是《琅琊榜》、《神雕侠侣》、《碧血剑》等热门古装剧的取景地。景区主要分为神雕侠侣城、春秋战国城，你可以在逼真的古装场景中看演出、玩互动、拍照片，回味古装剧中的经典场景，运气好还能偶遇明星。景区没有横店影视城那么大，非节假日的时候，人相对来说也比较少，基本上一天时间可以把重要的几个景点全逛完。北大门是景点的入口，门口有一座大雕，可以拍照合影。入口处还有景区提供的简易游览路线可以参考一下，另外，门口还有当天演出的节目公告栏，上面写明了演出时间和地点，有兴趣的可以记一下，游玩时合理分配好时间，免得错过。北门进来就进入了神雕侠侣城，经过村街作坊区笔直就来到了襄阳城，这里有雄伟的城墙，进入襄阳城大城门，是一条100多米长的主街，东头正对大帅府，中间有南北两条大街贯通，两条大街交叉形成的十字路口是襄阳城的中心地段，这里有酒楼、茶庄等布景。向南约100米到南溪桥，这里是民众集居繁杂地段，沿街有客栈、酒家、怡春院等布景。襄阳城的旁边就是归云庄、榕树林、陆家庄和花果山。归云庄在《神雕》中是为了抗蒙选武林盟主，召开武林大会的场所，也是小龙女、杨过师徒两人大败金轮法王的地方。榕树林是绝情谷的入口，《神雕侠侣》开拍仪式的第一个镜头就是在此拍摄。再过去就是神秘莫测的活死人墓，这里是原著中王重阳的练功地点，也是小龙女的主要生活场所。当然如今这里有时碰到摄制组拍摄就会不对外开放。另外，陆家庄在《神雕》中是陆展元、陆立鼎两兄弟的庄院，小说第一回中写道的故事情节就是在这府院发生的。神雕侠侣城里受小朋友喜爱的莫过于花果山了，这里是为知名导演张纪中拍摄新版《西游记》电视连续剧而配套搭建的场景，大家耳熟能详的水帘洞、蟠桃园、高老庄、白骨洞、地府等场景在这里都能看到。游览完了神雕侠侣城之后可以去影视城东面的春秋战国城看一下，城内充满秦汉遗韵，由城墙、城楼、桃园行宫、公孙府、庄姬府、屠岸府、赵盾府、军营、街道、广场及贫民住宅等组成，建筑风格精致完美，气势恢宏、特色鲜明。这里至今还留下了《赵氏孤儿》的剧照和拍摄花絮照，有兴趣的可以看一下。另外，这里也经常是很多影视剧的拍摄点，如果运气好说不定还能看到你喜欢的明星。春秋战国城的游玩项目并不多，在里面走走看看，拍照留念基本上1个小时足矣。,05/01-10/12 08:30-16:00;10/13-04/30 08:30-16:00,https://img1.qunarzz.com/travel/d0/1410/07/48514afc2d4537cffffffffc8d65eac.jpg_480x360x95_98975b3d.jpg,4.4,建议游览时间：3天,,"{'象山影视城门票成人票\n\n': ['¥140起'], '象山影视城门票儿童票\n\n': ['¥70起'], '象山影视城门票学生票\n\n': ['¥110起']}",,2
石浦渔港古城Shipu Fishing Port Ancient City,http://travel.qunar.com/p-oi714415-shipuyuganggucheng,,,,,,,,,,2
四明山国家森林公园Simingshan National Forest Park,http://travel.qunar.com/p-oi710129-simingshanguojiasenlin,"

地址:
宁波市余姚市四明山镇甘竹岭


电话:
0574-62340889

",四明山国家森林公园位于宁波市西部的余姚，以空气清新著称，是周边游客郊游、踏青的理想选择。游览四明山的最佳季节一般在每年的十月，此时山上的枫叶层林渐染，非常漂亮。而冬天雪后的四明山白雪皑皑，三四月樱花开时，景色也很是好看。景区门票包含深秀谷、仰天湖、水帘洞等5个子景点，景点之间相对比较分散，因此最好自驾游玩。由于景区位于山上，会有一段近2小时盘山路，不算好走，不建议新手驾驶。从宁波、溪口方向来的游客通常会先过镇东桥，抵达景区东门售票处，深秀谷和四明山庄就在这附近。在四明山庄附近的岔路往右可去往仰天湖和鹁鸪岩水帘洞，仰天湖的湖光山色让人心情舒畅。整个四明山并没有特别抢眼的自然景观，倒是可以安静享受满眼的葱茏植被，以及吐纳大自然的清新空气，不必执着于走完全部景点，在这儿悠闲惬意地放松心情才是最佳选择。如果时间充裕，可以在此留宿一晚，四明山庄是不错的度假村，仰天湖附近也有度假村提供食宿，条件要比四明山庄更好一些。,全年 08:30-17:00,https://img1.qunarzz.com/travel/poi/1706/c9/35ad8b69402d9937.jpg_480x360x95_27bee6b4.jpg,3.7,建议游览时间：4小时 - 6小时,,"{' 四明山国家森林公园门票成人票\n\n': ['¥44起'], ' 四明山国家森林公园门票双人票\n\n': ['¥88起'], ' 四明山国家森林公园门票三人票\n\n': ['¥132起']}",,2
月湖公园Yuehu Park,http://travel.qunar.com/p-oi715142-yuehugongyuan,"

地址:
宁波市海曙区县学街183号-2


电话:
0574-87582626

",月湖是宁波市中心一片月牙状的湖面，这里曾是宋明时期文人坐而论道的城中山水，如今是宁波重要的绿肺。它虽然不比杭州西湖名声响亮，但在宁波的地位有如西湖之于杭州。湖畔点缀着庭院和老宅子，周末散步很是闲适。月湖中分布着芳草洲、柳汀、松岛、菊花洲等岛屿，有的以桥相连，有的已于陆地完全相连。湖畔曲曲折折的堤岸、垂柳下下棋的老人、树林掩映的古建筑，和周围车水马龙的大街形成鲜明对比。柳汀街穿湖而过，正好将月湖分为南北两个区域，期间点缀着不少遗迹和老宅。这些老宅许多被用作办公场所，不能入内参观，也有一些被改建为展览馆，可以进去看看。月湖边没有没有围栏，是全开放式的公园，只要有路便可进入，适合随心逛逛，也不必有既定行程。景点比较集中的是湖的北面和东面。从东北角开始逛，你会看到水中的小亭子内有一块“水则碑”，上面有个“平”字，是以前测水位用的宋朝遗物。不远处是有名的遗址，如今在遗址上修建了明州与陈列馆，里面有少量文物，图文资料也颇能长知识；一旁的大方岳第，有面向公众的免费艺术展，是月湖展览集中的地方。靠近湖边的卢宅是辛亥时期对光复宁波有重大贡献的卢洪昶、卢成章父子的住宅，此宅在清末颇有影响，现在只能看看外貌。靠近迎凤街的银台第是难得完整保存下来，并可供游人免费参观的老宅。里面每个房间都布置得非常精致，古代家具和生活用品摆设的十分齐全，能感受到古代豪门大家庭的格局。月湖中段的柳汀街是月湖的中心，如今已成为市区的主要交通道路。街边安静朴实的贺秘监祠是为纪念贺知章而建，现在是某单位的办公场所。一旁香火旺盛的关帝庙和佛教居士林，都是始自明朝近期重建的建筑，成为“柳汀三连贯”。南区北端有一片院士林，以银杏居多，南端的松岛上还有一所古色古香的学校，宁波二中的老校区。而月湖南岸紫金巷的“林宅”，是宁波市区罕见的清朝民宅，里面有一百多幅砖雕，甚是气派，现在是明州甲十二文化综艺馆，是个有书画展的私人会所。除了走走逛逛，在月湖上泛舟也是件挺惬意的事，南区北区都有码头可以购票。此外，月湖附近的天一阁博物馆也可一并游玩。,4月21日-10月21日8:00-17:30，10月22日-次年4月20日8:00-17:00。,https://img1.qunarzz.com/travel/d1/1509/e3/e582bef0cbf93a.jpg_480x360x95_6be1100c.jpg,4.6,建议游览时间：1小时 - 2小时,,"{'天一阁博物馆门票成人票\n\n': ['¥27起'], '天一阁博物馆门票学生票\n\n': ['¥15起'], '天一阁博物馆门票老人票\n\n': ['¥15起']}",,2
阿育王寺Ashoka Temple,http://travel.qunar.com/p-oi709116-ayuwangsi,"

地址:
宁波市鄞州区五乡镇明伦村五乡东路1999号


电话:
0574-88383421

",阿育王寺距宁波市中心20多公里，是以印度阿育王名字命名的寺院。因为供奉着舍利子，在佛教界地位很高。寺院的佛教氛围纯正，少有旅游团，只有虔诚的香客和步履悠闲的僧侣，漫步其中甚至能听到沙沙的落叶声。阿育王寺的历史可追溯到晋朝，整个寺院古朴庄严，结构完整，殿堂庙宇与苍茫山色融为一体。进入山门后，主要的景点都位于寺庙的正中间，自下而上依次为鱼乐池、天王殿、大雄宝殿、舍利殿和藏经楼等。在这些大殿的两侧还分布着云水堂、承恩堂、方丈殿、钟楼、五百罗汉殿、先觉堂、大悲阁等建筑。一般游客前来游览主要会去天王殿、大雄宝殿、舍利殿和五百罗汉殿。天王殿的前面有一个鱼乐池，里面有很多小鱼和乌龟，但是因为数量太多，因此庙里禁止游客在这里继续放生。殿内供奉着弥勒佛，两边是四大金刚。天王殿的后面就是大雄宝殿，殿中供奉着释迦牟尼佛像，东侧为塑药师佛和阿难尊者，西侧为阿弥陀佛及迦叶尊者等，游客可以在这两个大殿前面自行拿香参拜。出了大雄宝殿接下去可以参观舍利殿，屋顶上盖有金黄琉璃瓦片，殿正中是高七米的石塔，内放置七宝镶嵌的佛龛，里面放置着舍利子，石塔下摆放着利宾及阿育王像，石塔后面还供置了释迦牟尼卧佛像，长约四米。不过，一般游客基本上看不到舍利子，因为参观需要提前申请。游览完了舍利殿可以直接去五百罗汉殿，这里供奉着500位栩栩如生，形态各异的罗汉。参观完这些主要的殿之后，还可以看看寺内目前保存完好的两座塔，一座叫西塔（俗称下塔），一座叫东塔，是后期建造的，两座塔都不得攀登，但是按照当地人的说法，可以在塔下顺时针绕一圈，据说可以洗去你身上的霉运。另外，还有一座位于山上的上塔，但因年代久远已损坏。此外，佛迹、利生亭、塔基岩心石、母乳泉、半山亭、八吉祥地、鉴真纪念亭等也都是寺内比较重要的古迹，如果路过可以拍照留念。寺内门口有吃素斋的地方，一个套餐基本在50元左右，素面25元。阿育王寺离天童寺不远，自驾或者在庙门口坐162路公交就能到，如果有时间可以一同游览。,全年 6:00-16:00,https://img1.qunarzz.com/travel/d7/1504/6c/8344ef35571a7d.jpg_480x360x95_6212b3bc.jpg,4.6,建议游览时间：1小时 - 2小时,,具体收费情况以现场公示为主,,2
皇城沙滩Huangcheng Beach,http://travel.qunar.com/p-oi10011200-huangchengshatan,"

地址:
宁波市象山县石浦镇中国渔村景区内


电话:
0574-65959999

",皇城沙滩位于象山石浦城区东北部，东临大海，西揽田畴，东北两端与山相连，滩头平缓，沙质软硬适中，沙滩长1800多米，宽300多米，状如一弯新月，浩浩然一展如畴。性起时排浪滔天，酷如海面上急速涌动推进的一壁城墙，气势之浩大当数浙东岸线沙滩之冠；气平之时涟漪接天，泛出柔性无限可供西施浣纱。这里有万余只固定座位的中国开渔节主会场、耗资千万元的观赏型标准护堤以及休闲、娱乐设施。你可以跃上坐骑，策马飞驰；也可把杯品茗，望海听涛；更可扑向大海，一展身手。具有深厚文化底蕴的“三月三，踏沙滩”活动和一年一度的中国开渔节祭海仪式、海上特技表演等活动更使皇城沙滩人流如织、热闹非凡，吸引了数以万千的中外游人前来观光旅游。98年被宁波市评为新十景之一。,7:00-18:00，具体请以景区内当日公示为准,https://img1.qunarzz.com/travel/d4/1808/5f/22a1450eb4c4aeb5.jpg_480x360x95_8641df67.jpg,4.2,建议游览时间：2小时 - 4小时,,包含于中国渔村景区内，通用中国渔村景区门票,,2
河姆渡遗址博物馆Hemudu Site Museum,http://travel.qunar.com/p-oi715244-hemuduyizhibowuguan,"

地址:
宁波市余姚市河姆渡镇芦山寺村


电话:
0574-62963731,0574-62963732

",河姆渡遗址博物馆位于河姆渡镇，对很多人来说，“河姆渡文化”只是历史课本中的一个名词，但当你来到河姆渡文化的发源地之一余姚，没理由不来博物馆见证它的前世今生。若是带小朋友一起出行，更是一次长知识的好机会。博物馆由陈列厅、遗址现场展示两部分组成，博物馆前三块巨石组成的拱门是这里的标志，横梁上是一块遗址中出土的象牙片上的图画：两只振翅的巨鸟，拱护着太阳升腾，颇有张力。来到这里的游客几乎都会在此留影。博物馆的建筑造型也是根据河姆渡建筑风格设计的，人字形的外观，又以几组交错的组件象征河姆渡的榫卯技术。首先参观陈列厅，这里共有三个展厅，第一展厅是序厅，以图文和模型、文物展示了河姆渡文化的概况。尤其是两件头骨化石和复原头像，让观众时隔7000年看到远祖的样貌。第二展厅主要介绍稻作农业和渔猎活动，展出的实物包括具有典型新石器特征的石器、陶器、骨针、骨哨等工具，以及稻、酸枣等农作物果实遗存，让你了解当年先祖们是如何生产生活的。第三展厅的展示则以生活和艺术为主，陈列着建筑木构件，以及各种纺织工具。此外，还有不少用象牙、骨、玉、陶等制成的装饰品，打造的工艺和构思设计水准都十分让人惊叹。游人可由此感知河姆渡人的日常、艺术生活。从陈列厅出来，往东南走不远便是遗址现场展示区。首先映入眼帘的是复原的考古现场，地面围栏中是大片密密麻麻的木建筑构件，河姆渡部落的繁盛可见一斑。此外，附近还有一片重建的河姆渡房屋，这些“干栏式”建筑不仅造型很有艺术感，其中出现的榫卯技术，以及上面住人，下面养牲畜的设计，是河姆渡文化中颇有划时代意义的创举。这里用雕塑群营造出了当年的生活氛围，是整个博物馆中较有趣、直观的部分。你可以像部落里的居民一样在街道上漫步，也可以走进屋内，看妇女们纺纱织布，男人们斫木盖房。人们有的磨制骨器，有的捣谷脱壳，有的和泥制陶，有的凝神雕刻，使人仿佛回到了远古时代，很有穿越感。参观完毕，不妨去旁边的姚江边走走，风景不错。如果对考古感兴趣，北面7公里左右，同属于博物馆管理的田螺山遗址现场馆也值得一去，可以近距离看到考古现场。不过由于没有靠谱的公共交通，你可能需要找个三轮车或摩的过去。,全年 周二-周日 09:00-16:30;全年 周一 全天不开放,https://img1.qunarzz.com/travel/poi/1706/c9/758fdd3e9e2a5d37.jpg_480x360x95_93bbefd8.jpg,4.5,建议游览时间：1小时 - 2小时,,{'河姆渡遗址博物馆驴迹电子导览（不含门票）服务大小同价\n\n': ['¥6起']},,2
浙东小九寨Zhedong Xiaojiuzhai,http://travel.qunar.com/p-oi7469000-zhedongxiaojiuzhai,"

地址:
宁波市余姚市大隐镇芝林村


电话:
0574-62912555

","浙东小九寨景区地处四明山北麓，位于宁波市余姚大隐镇芝林村，由宁波华东城集团投资开发。因其境内山峦连绵，山岙弯弯，竹丰林茂，溪流纵横，幽谷、溪流、竹林景色诱人，故有“浙东小九寨”之美称。景区交通便捷，至宁波市区仅需30分钟车程，处于宁波市一小时交通圈内，是周边游客极佳的徒步、自驾,亲近自然的旅游休闲目的地，景区内的原生态美景和轻松休闲的游览体验深受周边游客的喜爱，2014年被评为国家3A级景区，2021年成为浙江省新四军历史研究会革命传统教育基地（红色景区）、中共浙江省委党校四明山干部学院党员干部现场教育基地。浙东小九寨的原生态自然环境是其一大特色，不仅有绝壁、溪流、奇石等自然景观，景区内更是植被繁茂，生长着多种如黑螺蛳、溪鱼、翠鸟等珍惜动植物。同时浙东小九寨还流传着许多脍炙人口的民间人文传说和感人肺腑的红色革命事迹。“西藏有林芝，宁波有芝林。”景区所在的芝林村是有名的“抗日村”，也是现存的中共浙东临委驻地，曾是慈南工程任务大队所在地、三北游击司令部临时驻地；景区内的白岩寺景点也是红色遗址，抗日战争后期，白岩寺曾经是总游击纵队的后方医院，疗养过三五支队的伤病员。景区内空气清新，负氧离子含量极高，有“天然氧吧”之称，徒步古道，亲近自然，置身于山青水秀的绿色世界，不仅能领略自然山水的生态美景，更能了解新四军的红色事迹。是亲子游、休闲徒步的不二之选。",全年 08:00-16:30,https://img1.qunarzz.com/travel/poi/1408/26/9ade6c8c1f187072ffffffffc8d65eac.jpg_480x360x95_bd78b898.jpg,4.4,建议游览时间：3小时 - 4小时,,"{'浙东小九寨门票成人票\n\n': ['¥44起'], '浙东小九寨门票儿童票\n\n': ['¥25起'], '浙东小九寨门票双人票\n\n': ['¥89起']}",,2
东海半边山Banbian Mountain,http://travel.qunar.com/p-oi10019832-donghaibanbianshan,"

地址:
宁波市象山县石浦镇昌国东海半边山


电话:
0574-65992888

",东海半边山地处象山县石浦镇东海之滨，它三面环海，形如麒麟，两岛相伴，依托该区域山脉、海洋、沙滩、渔村等自然与人文资源，打造成集大众旅游、商务休闲、滨海度假、康体养生于一体的海滨度假休闲之地。岁月时光将“神奇”留在了这片形如瑞兽麒麟的东海半岛之上，猪八戒劈山、龙王献宝、徐福东渡、戚继光抗倭等传奇故事在这里传唱。,8:00-17:00，具体开放时间详见景区公示。,https://img1.qunarzz.com/piao/fusion/2108/ee/a0892672bf4d2102.jpg_480x360x95_aed6a415.jpg,4.3,建议游览时间：2小时,,"{'东海半边山门票成人票\n\n': ['¥18起'], '东海半边山景区交通票大小同价\n\n': ['¥18起'], '东海半边山电子导览服务大小同价\n\n': ['¥7起']}",,3
达蓬山旅游度假区Da Peng Shan Traveling Vacation Area,http://travel.qunar.com/p-oi711446-dapengshanlu:youdujia,"

地址:
宁波市慈溪市龙山镇达蓬山旅游度假区


电话:
0574-58996666


官网:
http://www.nbdps.cn/

",达蓬山旅游度假区位于宁波市区北面，九龙湖景区附近，是近年开发的一片度假区域。据说这里是徐福东渡的出发地，如今这里不仅能看到纪念徐福的古迹，还建起了游乐场、度假酒店等配套设施，是周末度假的理想选择。度假区有2个主要景区，山上的仙佛谷景区，山下的达蓬山环湖乐园（80天环游地球主题乐园）。整个度假区玩下来大概两天一夜刚刚好，环湖乐园是小朋友的最爱，大人去佛仙谷爬爬山，逛逛山上的寺院，看看古石刻也很合适。吃住集中在山下的两个景区附近，来此度假的游人选择较多的是达蓬山大酒店（5星），在房间里就能看到下面的环湖乐园，欣赏对面的窖湖风光。除了离景点近，入住的客人一般还能凭房卡换取上述2个景区的门票，性价比很高。想要便宜些也可以住旁边的国际青年旅馆，标间大概一两百元。带小朋友的游客通常会直奔环湖乐园。这里有些类似深圳的世界之窗，集中了缩小版的世界各地的名胜古迹和标志建筑，比如美国的自由女神像，希腊的巴特农神庙，罗马竞技场等等。园区中按照大洲分区，可以从亚洲开始花上大半天“环游世界”。带小朋友来长知识，凹造型拍照都很赞。主题乐园中必不可少的海盗船、跳楼机、云霄飞车、激流勇进等游乐项目这里也都有，而且几乎都包含在大门票内。而且相比其它的游乐园，环湖乐园的游客要少很多，可以省去不少排队的时间，玩个过瘾。山上的仙佛谷景区通常会自驾车上去（约7公里），山下也有交通车往返仙佛谷。这是个以纪念徐福为主题的景区，看看自然风光散散心挺不错的。进入景区大门，走过一段800米的石板游步道来到佛迹寺，如今看到的寺院是近年照唐代的样式重建的，环境清幽。出佛迹寺边门进入徐福文化园，徐福广场上矗立着徐福的雕像，附近有些卖小食的店，可以在此歇歇脚。由此往前再走300米左右，就是东渡摩崖石刻。是宋元时期为了缅怀徐福东渡而雕刻的古迹，由于年代久远石刻已经略有模糊。此外，秦渡庵、秦皇别苑有一些关于徐福的陈列和群雕，对那段历史感兴趣可以细细看看。,9:00-16:00。慈溪达蓬山温泉周一-周四、周日15:00-22:00，周五、周六15:00-23:30，法定节假日10:30-23:30； 达蓬山环湖乐园8:45-16:30;16:00停止入园； 达蓬山仙佛谷景区8:30-16:30。,https://img1.qunarzz.com/travel/d1/1601/29/4fd0222369c07ef7.jpg_480x360x95_20d467ca.jpg,4.3,建议游览时间：3天 - 6天,,"{'达蓬山仙佛谷景区门票成人票\n\n': ['¥39起'], '达蓬山仙佛谷景区门票儿童票\n\n': ['¥28起'], '达蓬山仙佛谷景区门票老人票\n\n': ['¥28起']}",,3
宁波博物院Ningbo Museum,http://travel.qunar.com/p-oi7526491-ningbobowuyuan,"

地址:
宁波市鄞州区首南中路1000号


电话:
0574-82815588,0574-82815555


官网:
http://www.nbmuseum.cn/

",宁波博物院位于鄞州公园附近，馆内没有特别稀有的文物，但关于宁波的历史、民俗的展览很全，足以供你一窥座城市的历史。此外，博物馆的建筑本身就是一件“展品”，造型颇有设计感，很多人甚至就是冲着看建筑来的。博物馆是建筑师王澍先生的作品，外墙上使用了大量宁波老建筑上拆下来的旧砖瓦，有的墙面是倾斜的，而若是你仔细看，还能发现砖瓦上当年烧制时留下的符号。博物馆周边有荷塘和芦苇塘映衬，既现代，又充满了传统韵味。展厅一共分三层，一层展厅是临时特别展览，有时需另外购票参观，二层和三层则是免费的常规展览。博物馆二层是主题陈列《东方“神舟”——宁波历史陈列》，是馆内主要的看点。四个厅的展览讲述了宁波自远古时期至确立州城，再到成为国际港口和东南都会的历史。在这里你可以看到蜡像复原的河姆渡生活场景、越窑的出土瓷器，还有江厦街景、通商场景的复原。可以对宁波从古至今的发展历程有一个系统的了解，值得用心看看。三层则是竹刻和宁波民俗的专题陈列。“阿拉”老宁波民俗陈列比二层的展览更为生动，置身展厅内，你可以走在复原的老宁波街巷中，看街边林立的老城墙，以及一些传统工艺品的展示，仿佛穿越到上个世纪的宁波街头。出了民俗陈列馆是一个露台，走累了可以在此休息会儿，而后前往竹刻馆继续参观。,全年 周二-周日 09:00-17:00;全年 周一 全天不开放 ;中国法定节假日 09:00-17:00,https://img1.qunarzz.com/travel/d6/1711/17/b1df2a3764d9f9b5.jpg_480x360x95_caa3a7ea.jpg,4.7,建议游览时间：2小时 - 3小时,,{'【酒店套餐】宁波开元名都大酒店1晚+双早+可购下午茶或晚餐或罗蒙环球城或东钱湖君澜半山汤泉单人温泉票\n\n': ['¥528起']},,3
李惠利故居,http://travel.qunar.com/p-oi39175798-lihuiliguju,,,,,0.0,,,,,3
"余姚市白鹿狮峰观景台Observation Deck, Bailushi Peak, Yuyao",http://travel.qunar.com/p-oi20041737-yuyaoshibailushifengguan,,观景平台位于白鹿村的狮峰特高处，海拔510米，新建的登高观景台高达14.2米，凭栏远眺，重峦叠嶂，绵延不绝。,,https://tr-osdcp.qunarzz.com/tr-osd-tr-manager/img/78a73cf50b996983b30e219a23c806a1.jpg_480x360x95_c1cd8181.jpg,4.3,建议游览时间：1小时 - 2小时,,具体收费情况以现场公示为主,,3
象山县Xiangshan,http://travel.qunar.com/p-oi18716563-xiangshanxian,,象山县是中国浙江省宁波市下辖县，位于东海之滨，居长三角地区南缘、浙江省东部沿海，位于象山港与三门湾之间，三面环海，两港相拥。唐神龙二年（公元706年）立县，因县城西北有山“形似伏象”，故名象山，由象山半岛东部及沿海608个岛礁组成。象山县陆域面积1382平方公里，海域面积6618平方公里，海岸线长达925公里，占浙江省海岸线的1/8，其中大陆海岸线349平方公里，岛礁海岸线576平方公里。2017年末，全县辖有3个街道、10个镇和5个乡，共有47个社区居委会（按2017年统计用区划代码计数则为49个）和490个行政村，常住人口52.6万，户籍人口55.0万。2018年10月，象山县入选2018年全国“综合实力百强县”、绿色发展百强县市、全国科技创新百强县市、全国新型城镇化质量百强县市。2018年10月22日，入选2018年全国农村一二三产业融合发展先导区创建名单。,,,4.5,建议游览时间：12小时 - 3天,,具体收费情况以现场公示为主,,3
香山教寺Xiangshanjiao Temple,http://travel.qunar.com/p-oi10020407-xiangshanjiaosi,"

地址:
宁波市镇海区九龙湖镇横溪村

","香山教寺位于宁波镇海与慈溪的交界处，背靠达蓬山，面对九龙湖。周围修竹茂盛，空气清新，达蓬山映在湖中，风光秀丽。香山教寺始建于唐朝天宝十四年，距今已有1250年的历史，唐代宗李豫下诏赐寺额“大中香山寺”、“香山智度寺”。2002年经政府批准重建，寺院规划占地400余亩，已经落成圆通宝殿、三圣殿，藏经楼和东西厢房。整个建筑是仿唐代风格,依山而上错落有致，无比精致。圆通宝殿供奉的观音（毗卢观音）同普陀山普济寺相似，左右童子和龙女服侍，非常的大气；背面供奉的是玉制的千手观音，两边墙上供奉的是千百尊各式观音，金碧辉煌，是整个寺院的中心和精华。三圣殿建在高台上，里面供奉的三圣，非常的庄严。依山阶而上就是藏经楼，里面中间供奉的是檀木制的文殊菩萨，两边是各位佛教界历代高僧。香山教寺的两边都有长廊同各个大殿相连，即使下雨天不带雨伞也不会淋湿，设计的非常细致。",具体开放时间请咨询景区,https://tr-osdcp.qunarzz.com/tr-osd-tr-manager/img/6e2770bf91e7ca12086834e7cc44526a.jpg_480x360x95_55c649a7.jpg,4.1,建议游览时间：1小时,,,,3
九龙源景区Jiulongyuan Sceneic Area,http://travel.qunar.com/p-oi10019949-jiulongyuanjingqu,"

地址:
宁波市镇海区九龙湖度假区（达蓬山南侧的香山）


电话:
0574 8627 2900

",九龙源景区位于九龙湖旅游度假区的西北部，达蓬山南侧的香山，是九龙湖的源头之一。景区的一期开发为1平方公里，有“一迹、二池、三石、四瀑“等十余个景点，由九龙源、长寿村和孔雀湖景区三个分区组成。境内危岩、奇石、竹海、古树、叠瀑、池潭、佛迹掩映其中，翠竹青青，植被茂盛，生物丰富，堪称人间仙境，养心天堂，被誉为宁波的“香格里拉”。,春夏 8:00-17:00， 秋冬8:00-16:30。,https://tr-osdcp.qunarzz.com/tr-osd-tr-manager/img/9b9084f0cabfe8ab2c11ae6425809a57.jpg_480x360x95_3302f6ba.jpg,4.3,建议游览时间：1小时 - 2小时,,35元,,3
慈城县衙Cicheng County,http://travel.qunar.com/p-oi10019867-cichengxianya,"

地址:
宁波市江北区慈城镇


电话:
0574-87572398

",慈城县衙创建于唐开元26年（公元738年），是第一任知县房琯所建，延续至1954年，已有1200余年的历史。初建在浮碧山上，由于外敌入侵和自然灾害的关系，屡建屡毁，现存的县衙是按照光绪年间《慈谿县志》上详图重建的，占地四万多平方米。,8:30-16:50，16:30景区入口关闭，具体开放时间详见景区现场公示。,https://img1.qunarzz.com/p/tts2/1805/d2/5b60e26c955d8f02.jpg_480x360x95_3e6666a8.jpg,4.2,建议游览时间：1小时 - 2小时,,"{'慈城古县城四景点联票成人票\n\n': ['¥45起'], '慈城古县城四景点联票亲子票(1大1小)\n\n': ['¥80起'], '慈城古县城四景点联票家庭票(2大1小)\n\n': ['¥108起']}",,3
蒋氏故里景区Jiang (Family of Chiang Kai-shek) Hometown Scenic Area,http://travel.qunar.com/p-oi722709-jiangshigulijingqu,"

地址:
浙江省宁波市奉化区溪口武岭东路39号


电话:
400-181-7718

",蒋氏故里景区位于溪口风景区内，这里的看点以建筑人文为主，处处充满了蒋介石及其家族生活的痕迹。若是对近代史和蒋公生平感兴趣，一定不要错过这里。景区内的主要景点沿着剡溪边的武岭路步行街排列，一路步行游览半天足矣。从武岭门出发，附近的武岭学校、小洋房和文昌阁尤其值得一看。其中，建在武岭山上的文昌阁曾是蒋介石与宋美龄的别墅，屋内悬挂着宋美龄的画作，更是溪口风景最好的地方之一。经堂路附近的丰镐房是蒋介石与毛福梅、蒋经国与蒋方良结婚的地方，中间的天井有宋美龄所植的金银花。丰镐房西面的西面的玉泰盐铺是蒋介石出生的地方，门额上刻着“清庐”二字。蒋母陵墓在位于蒋氏故里景区与雪窦山景区的交接处，包含在蒋氏故居景区门票内。陵园由蒋母墓道和杜鹃谷组成，风景很好。入口处有墓庐，曾是蒋介石的居所，有其手书的对联，现在这里是一个小型展览室。蒋母墓道的雕刻很精美，杜鹃谷视野开阔，郁郁葱葱的山林、草坪让人心旷神怡。,10/1-4/30 08:30-17:00;5/1-9/30 08:00-17:30,https://img1.qunarzz.com/travel/d4/1710/3f/8dd077c3876032b5.jpg_480x360x95_291850a0.jpg,4.3,建议游览时间：12小时,,"{'蒋氏故里景区门票成人票\n\n': ['¥120起'], '蒋氏故里景区门票学生票\n\n': ['¥60起'], '蒋氏故里景区门票老人票\n\n': ['¥25起']}",,3
西畈油菜花基地,http://travel.qunar.com/p-oi38866878-xifanyoucaihuajidi,,,,,0.0,,,,,4
梁祝景区Liangzhu Cultural Park,http://travel.qunar.com/p-oi709206-liangzhujingqu,"

地址:
浙江省宁波市海曙区梁祝路1号


电话:
0574-88447238,0574-88004238


官网:
http://www.nblzgy.com/

",梁祝景区位于宁波西郊，是一座以梁祝爱情故事为背景的爱情主题公园，也是梁祝故事的发源地。公园以梁山伯庙为主体，用梁祝传说串起万松书院、梁山伯古墓、梁祝文化雕塑等景观。虽然园内大多是后来修建的仿古建筑，并没有浓厚的历史气息，不过其中江南特色的园林小品也称得上精致。许多情侣会相约来此见证爱情，园内有时还会举办相亲活动，可以说是个挺浪漫的地方公园面积不算太大，步行游玩即可。景区入口往右，过一座小桥，便是纵贯公园的“十八相送之路”，沿着这条主道一路走下去，便可绕公园一圈，去到出口。过桥遇到一个建筑便是梁祝爱情邮局。这样以爱情为主题的邮局在全国只有两家，另一家在颐和园。邮局刚建成便一跃成为园内受关注的看点之一，类似上海甜爱路的“爱心邮戳”，你也可以在这里盖一个有着“爱情邮戳”，寄出自己的爱与感动，或者买本“爱情护照”，在每个周年盖章留下印记。邮局还提供定时邮件发送服务，可以在每个结婚纪念日都发出一封爱的邮件，不同年份的纪念日还会加盖不同特色的邮戳。沿着步道继续往里走，不远便是梁山伯与祝英台三年同窗的梁祝书院（万松书院）。书院是明清古建筑，院子里种着梅花，院后是一片竹林，古朴幽雅。其中的蝶艺馆展出了大量世界各地的蝴蝶标本，值得一看。接着走过凤凰山、观音堂直到姚江边，即是祝英台家院所在，祝府的建筑很是气派，处处透着官宦富人家的气质。尤其是思辛厅内的一座大花轿，花纹雕刻较为繁复。往出口方向步行不远，来到梁山伯墓。前面的横碑刻着“敕封梁圣君山伯之墓”，碑中间有一道明显的裂痕，说是当年祝英台祭奠梁山伯的时候裂开的。墓后竖着祝英台的碑，旁边有卖花的地方，可按自己的心意付钱，供在墓上以示祭奠。古墓旁边便是梁山伯庙，也是公园的主体建筑。整个庙宇分为三进，依次是山门、正大殿和后大殿。进入山门，首先映入眼帘的是一幅蝶恋陶瓷壁画，画的是梁祝二人从草桥结拜到化蝶的整个故事。庙内正殿对面有个金碧辉煌的古戏台，有时会有唱戏表演，很有感觉。正殿内塑有梁祝二人的塑像，这里也是人们祈求自由美满婚姻的地方。走到梁祝音乐喷泉所在的广场，广场正中是梁祝化蝶的雕塑，是景区的标志之一，可在此留影。旁边的梁祝文化博物馆内，有爱情树、梁祝主题浮雕等展览可看，也有一些互动项目可参与，想要了解梁祝文化的历史、对民俗文化的影响，不妨来此游览一番。,8:00-16:00,https://img1.qunarzz.com/travel/poi/1706/50/3636181d501e0f37.jpg_480x360x95_c5405916.jpg,4.3,建议游览时间：2小时 - 2.5小时,,"{'梁祝文化公园门票成人票\n\n': ['¥45起'], '梁祝文化公园门票儿童票\n\n': ['¥25起'], '梁祝文化公园门票老人票\n\n': ['¥25起']}",,4
庆安会馆Qing'an Hall,http://travel.qunar.com/p-oi701794-qinganhuiguan,"

地址:
宁波市江东区江东北路156号（近木行路）


电话:
0574-87700187,0574-87330030


官网:
http://www.nbqahg.com/

",庆安会馆即浙东海事民俗博物馆，既是祭祀天后妈祖的殿堂，又是行业聚会的场所。1997年，由宁波市文化局接管并进行维修，根据庆安会馆建筑原貌和天后宫以展示妈祖文化为主的功能定位，辟为浙东海事民俗博物馆。庆安会馆（浙东海事民俗博物馆）为宁波近代木结构建筑典范，平面呈纵长方形，坐东朝西，中轴线上的建筑依次有接使（水）亭、照壁、宫门、仪门、大殿、后戏台、后殿、左右厢房、耳旁及附属用房，其宫馆合一、前后双戏台的建筑形制，国内罕见，充分体现了天后宫与行业会馆双璧齐晖的特色功能。会馆建筑上1000多件朱金木雕和200多件砖、石雕艺术品，采用宁波传统的雕刻工艺，充分体现了清代浙东地区雕刻艺术的至高水平，也为研究我国雕刻艺术提供了实物例证。浙东海事民俗博物馆的陈列，主要设有《妈祖祭祀场景展示》、《天后圣迹图》八幅壁画、《明州与妈祖》 连环半景画、《妈祖与中国红》、《宁波与“海上丝绸之路”》史迹等五项基本陈列以及《中国·宁波船史展》专题陈列，此外还先后举办多种临时陈列。,全年 周二-周日 08:30-16:30;全年 周一 全天不开放,https://img1.qunarzz.com/travel/d5/1601/35/5fa245991c5886f7.jpg_480x360x95_9af420db.jpg,4.6,建议游览时间：2小时 - 3小时,,具体收费情况请以现场公示为准,,4
九龙湖景区Jiulong Lake Scenic Area,http://travel.qunar.com/p-oi701792-jiulonghujingqu,"

地址:
宁波市镇海区环湖路168号


电话:
0574-86534965,0574-86533965,0574-86537705


官网:
http://www.nb965.cn/

","""九龙湖景区是镇海九龙湖（原十字路水库）北岸的一片旅游度假区，在这里可以乘船上猴岛看猴子，去九龙源爬山看瀑布，还能在横溪村吃烧烤和农家菜，看湖光山色风光，是个适合周末旅游休闲的地方。景区本身是很大一片开放的区域，若不参观收费的九龙源和猴岛，便不需要购票。所谓“景区套票”包括猴岛（含游船）、九龙源，以及猴岛至九龙源附近的观光车费。主入口在东面前往猴岛的游船码头附近，九龙源则在其西面大概6公里的位置，由于二者距离较远，走路比较费时费力。平日可以自驾入景区前往九龙源，单买此景点门票。不过游人较多时私家车可能会限行，此时比较推荐在游客中心直接购买景区套票，乘景区观光车游览。进入景区后，首先在游船码头乘船上湖中的猴岛参观，猴岛面积不大，沿着步道转一圈很快。岛上野生的猴子不多，其它的关在笼子里。不过乘船倒是不错的体验，九龙湖上的风景很棒。岸上码头附近有游乐园和滑草场，可以自费玩里面的娱乐项目。游玩过后，在此乘观光车去往西边的香山教寺和九龙源。香山教寺在半山腰上，背靠着达蓬山，面对九龙湖，寺院本身已有上千年的历史。不过如今看到的建筑是近年重修的，比较气派。寺院游人不多，圆通殿前可以烧香祈福。继续往西前往九龙源景区，九龙源主要是看瀑布和溪流，山中空气很好，路也并不难走，一路不少瀑布和小溪流。沿着步道爬爬山，呼吸一下新鲜空气，直到上下瑶池返回。这里离横溪村不远，村内有一众烧烤和农家乐可以用餐，是周边食宿最为集中的区域，价格还算公道。当地的农家乐几乎都不提供住宿，住宿以酒店为主。想要离景点近可选择九龙山庄，九龙湖开元度假村虽然略远一点，价格贵些，但服务设施更好。""",全年 08:00-17:00,https://img1.qunarzz.com/travel/d3/1601/b3/0eb359326d0b27f7.jpg_480x360x95_17d5b5fa.jpg,4.3,建议游览时间：12小时 - 3天,,"{'宁波九龙湖套票(含观光车+九龙源门票+猴岛船票)票成人票\n\n': ['¥60起'], '宁波九龙湖套票(含观光车+九龙源门票+猴岛船票)票儿童票\n\n': ['¥40起'], '宁波九龙湖套票(含观光车+九龙源门票+猴岛船票)票学生票\n\n': ['¥40起']}",,4
国清寺,http://travel.qunar.com/p-oi716111-guoqingsi,,"座落在华顶山麓,是我国著名古刹之一,被中、日两国佛教奉为发祥地。与齐州灵岩寺（在今山东长清县）、润州栖霞寺（在今江苏南京市）、荆州玉泉寺（在今湖北当阳县），并称天下“四绝”。国清寺始建于隋文帝开皇十八年(598年),是依据天台宗创始人智岂页亲手所画的样式所建的。智岂页开创天台宗后,想建一寺庙,作为该宗的正式祖庭,但限于资金,迟迟不得动工。他在临终遗书晋王,说：“不见寺成,瞑目为恨”。晋王杨广(后为隋炀帝)见书后,极为感动,便派司马王弘监造国清寺。",,https://tr-osdcp.qunarzz.com/tr-osd-tr-space/img/afad743e2fb5e8e1006ca60a5b6da898.jpg_480x360x95_b4a86f8a.jpg,--,,,,,4
中国渔村Chinese Fishing Village,http://travel.qunar.com/p-oi6208893-zhongguoyucun,"

地址:
宁波市象山县石浦中国渔港


电话:
0574-65959999

",中国渔村是中国东海岸最大的原生态海滨休闲旅游度假区，是一个以“渔文化民俗游”及“海滨海洋休闲度假”为主题的大型休闲滨海旅游胜地。不仅具备了海滨休闲度假五大要素——海洋、沙滩、空气、阳光、绿色，还全方位展示了渔区的生活氛围。当你看到一艘巨大的“中国渔村号”帆船，它背后就是渔村中美丽的皇城沙滩了。这里的海水有点黄，但天空很蓝，大片的海滩沙质细腻，阳光下亮晶晶的很漂亮。 沙滩上可以玩沙滩摩托、骑马等自费项目，也可以随意散散步，挖沙子，或者在海边踩水。这里的海滩很平缓，尤其是退潮时，海水湿漉漉地飘浮在铁锈色的沙滩上，脚底的沙滩细滑油润却坚如铁板，在这里吹吹海风，“铁板沙”天然足浴场上磨磨脚板，十足的享受。 和大多数海滩不同的是，中国渔村的海边还有个不错的游乐场（其中4个项目含在门票中，其它项目需另购票），有小朋友喜欢的玩海盗船、摩天轮、旋转飞机等项目，坐在摩天轮上从高处看下面的大海，感觉很棒。在海滩玩累了，可以去到旁边的渔文化民俗街逛逛，有一些出售贝壳做的工艺品的小店，也可以买点小吃补充下能量。如果有几个朋友一起来，在海边的烧烤场烧烤是不错的选择。也有年轻人会一起在海边搭帐篷过夜，晚上在沙滩上看海上一轮明月，也是很享受的事儿（景区内可付费租借烤具和帐篷）。如果遇到团队，也许还能邂逅一场篝火晚会。 景区内的吃海鲜价格较高，晚上去石浦镇上的海鲜一条街则更实惠。海鲜街面向东海湾，下侧就是渔船码头，不仅能让度假客人尝购海鲜，而且街口的观海塔、街上的古老建筑都别有情趣。若想更深入地感受渔家风情，可以考虑去石浦渔港古城（4公里左右），也是象山值得一游的景点之一。,1/1-9/30 08:00-17:00;10/1-10/7 07:00-18:30;10/8-12/31 08:00-17:00,https://img1.qunarzz.com/travel/poi/201408/08/54a63039a9c6c0d4c8d65eac.jpg_480x360x95_f6130095.jpg,4.5,建议游览时间：12小时,,"{'中国渔村（不含嘉年华游乐）券成人票\n\n': ['¥45起'], '中国渔村（不含嘉年华游乐）券亲子票(1大1小)\n\n': ['¥75起'], '中国渔村（不含嘉年华游乐）券家庭票(2大1小)\n\n': ['¥120起']}",,4
四明山观景平台,http://travel.qunar.com/p-oi36412540-simingshanguanjingping,,余姚市羊额岭观景台，也称为四明山观景台，观景台上能够眺望梁弄镇，还有远处的四明湖。,,,4.8,建议游览时间：0.5小时 - 1小时,,,,4
南田岛Nantian Island,http://travel.qunar.com/p-oi23343361-nantiandao,"

地址:
宁波市象山县南田岛

",南田岛森林覆盖面积大，有沙滩，沙质细软，海域开阔，是体验大自然原生态之美的好地方。,全年 全天开放,https://flight-feed.qunarzz.com/as3/271/image/poi_vishnu/7f4420d1-17c3-40e2-8f8f-14ca88a54933.jpg,3.9,建议游览时间：3天 - 6天,,,,4
肖王庙教会Xiaowangmiao Church,http://travel.qunar.com/p-oi20053142-xiaowangmiaojiaohui,,,,,0.0,,,具体收费情况以现场公示为主,,4
象山黄金沙滩Huangjin Beach,http://travel.qunar.com/p-oi19463771-xiangshanhuangjinshatan,"

地址:
石浦镇象山黄金沙滩

",象山黄金沙滩距离市中心9公里，海湾面积25平方公里，占地78公顷，14个岛屿错落有致。沙滩的沙子细腻，周边风景优美，适合来这放松心情看日出日落、玩沙子。晚上还可以沙滩上玩篝火晚会，吹着海风看星星。,全年 全天开放,https://tr-osdcp.qunarzz.com/tr-osd-tr-manager/img/c4045ec2265b014253ecdac1375b28a7.jpg_480x360x95_6d1de475.jpg,4.4,建议游览时间：1小时 - 2小时,,,,4
鄞州公园Yinzhou Park,http://travel.qunar.com/p-oi10012580-yinzhougongyuan,"

地址:
宁波市鄞州区首南中路(近鄞州区政府)

",鄞州公园位于鄞州区政府对面，宁波市博物馆附近，环境绿化非常不错。公园里有游船，还有挖沙、健身器材等各种游乐设施，除了游船，基本都是免费的，是周边市民休闲娱乐的好去处。在公园的绿荫下看四周林立的商务楼，同样别有一番滋味。,全天开放,https://img1.qunarzz.com/travel/d3/1804/de/55a2ac01e7eddeb5.jpg_480x360x95_decbac50.jpg,4.8,建议游览时间：1小时,,具体收费情况以现场公示为主,,5
花岙岛Hua'ao Island,http://travel.qunar.com/p-oi10005016-huaaodao,"

地址:
宁波市象山县高塘乡


电话:
0574-65049222

",花岙岛位于象山南部的三门湾口洋面上，岛上峰俊石怪，岩奇洞幽，特别是布列在一公里海岸上的结晶体石林，气势雄伟壮观。各种细表条状石头密密麻麻靠在一起，排列有序，长短不一，粗者须两人方能合抱，高者达到五六层楼高；有的似倚天长剑，有的似临海之鹤，人称“仙人锯岩”。专家考证后认为，花岙岛的石林实际是侏罗纪晚期的中心式火山岩浆的通道。四边或六边形的石柱群是致密的黑色细粒玄武岩，表面因海水侵蚀和风化而呈黄褐色，是火山岩的重要原生构造，即火山爆发后，岩浆在均匀冷却和缓慢收缩的条件下产生一种垂直裂变，从而形成奇特的“海上石林”景观。,全年 全天开放,https://flight-feed.qunarzz.com/as3/180/image/poi_vishnu/e428df34-bc68-4531-a082-6ed60f321b38.jpg,4.2,建议游览时间：3小时 - 5小时,,具体收费情况以现场公示为主,,5
四明湖Siming Lake,http://travel.qunar.com/p-oi9599761-siminghu,"

地址:
宁波市余姚市永建线


电话:
0574-62883368

",四明湖位于四明山北部余姚市梁弄镇，距市区10余公里，景色秀丽，碧波荡漾，湖水湖山交相辉映，湖面面积近20平方公里。    四明湖汇集溪流、泉水、瀑布，容积约1.2亿立方米，灌溉着余姚西北30万亩良田，湖中渔业资源十分丰富，吸引了大批飞禽。湖中有八字桥、野猫湾、丁山等，形成5个湖心岛，好似镶嵌在明镜中的翡翠，更增添了四明湖的魅力。    湖心的玉兔岛是四明湖的岛屿，面积约270亩。其形状酷似玉兔，特别是月亮之夜，从湖边远眺，犹玉兔拜月。岛上苍松翠竹，果园茶园漫山遍野，蜿蜒曲折的山径，徘徊徜徉，古朴清幽，令人心旷神怡。玉兔岛现已建成四明湖度假村，并已成为浙东休闲度假之地。环湖还有浙东第二藏书楼——五桂楼、白水冲等风景名胜。    ,全年 全天开放,https://tr-osdcp.qunarzz.com/tr-osd-tr-manager/img/8a73b8ae183ab0d77e79ed5d84bd7d74.jpg_480x360x95_f2ff75f2.jpg,4.7,建议游览时间：2小时 - 3小时,,具体收费情况以现场公示为主,,5
象山石浦檀头山岛Xiangshan Shipu Tantoushan Island,http://travel.qunar.com/p-oi5857825-xiangshanshiputantoushan,"

地址:
宁波市象山县石浦镇檀头山岛（近东门岛）


电话:
0574-65971999

",檀头山岛座落于象山半岛的的大目洋与猫头洋之间，面积约11平方公里，海岸线长达50公里。火山的喷发造就了岛上起伏连绵的山峰，丰富的植被为徒步山间增添了不少野趣。岛屿中部有两处相距仅数十米的沙滩，东沙滩面向东海，西沙滩朝向大陆，故称“姐妹滩”。两滩皆沙质细腻，游人可在此欣赏到“沙堤龙井”的奇观。而位于岛屿南端的大王宫，则是檀头山岛大的自然村落。这里民风淳朴，是游人小憩的场所。无论是择一民居而栖，抑或品尝当地海味，游人皆能体验到宾至如归的感觉。檀头山岛还为...檀头山岛座落于象山半岛的的大目洋与猫头洋之间，面积约11平方公里，海岸线长达50公里。火山的喷发造就了岛上起伏连绵的山峰，丰富的植被为徒步山间增添了不少野趣。岛屿中部有两处相距仅数十米的沙滩，东沙滩面向东海，西沙滩朝向大陆，故称“姐妹滩”。两滩皆沙质细腻，游人可在此欣赏到“沙堤龙井”的奇观。而位于岛屿南端的大王宫，则是檀头山岛大的自然村落。这里民风淳朴，是游人小憩的场所。无论是择一民居而栖，抑或品尝当地海味，游人皆能体验到宾至如归的感觉。檀头山岛还为爱好户外运动的人们准备了众多沙滩项目，从沙滩排球、沙滩足球、沙滩风筝到海浪拔河，各式活动一应俱全。游人在赏景之余，个性化需求亦可得到充分的满足。,8:00-17:00,https://tr-osdcp.qunarzz.com/tr-osd-tr-touch/img/e16849a9501ba4902da18642ca2a4bc5.jpeg_480x360x95_478a518e.jpeg,3.9,建议游览时间：3小时 - 4小时,,{'象山石浦檀头山岛门票+船票成人票\n\n': ['¥130起']},,5
天主教堂,http://travel.qunar.com/p-oi707114-tianzhujiaotang,"

地址:
宁波市药行街116号


电话:
0574-56159986

",宁波老外滩天主教堂位于宁波市新江桥北堍，建于清同治十一年（公元1872年）。光绪二十五年（1899年）增建钟楼。整座建筑由教堂、钟楼、偏屋组成。造型具有典型罗马哥特式风格。它具有重要的历史、文化、艺术价值，是国家级优秀近代建筑物，是第六批全国重点文物保护单位。,全天开放,https://img1.qunarzz.com/travel/poi/1706/3c/ded16010624bbb37.jpg_480x360x95_5d8f463f.jpg,4.5,建议游览时间：1小时 - 2小时,,无需门票,,5
天封塔Tianfeng Pagoda,http://travel.qunar.com/p-oi708767-tianfengta,"

地址:
宁波市海曙区大沙泥街258号


电话:
0574-87302635

",天封塔始建于唐代武则天“天册万岁”至“万岁登封”年间，于是取了年号一首一尾两个字为它命名。整座古塔建筑共有七明七暗14层，高达五六十米。据说，当时人们先是用泥沙层层堆积，再把砖石运上去，造一层，堆高一层，直到塔顶。建成之后，再把泥沙扒掉。由于留下的泥沙很多，所以塔边的两条街道至今仍叫“大沙泥街”、“小沙泥街”。宁波流传着关于天封塔的传说，说的是一位老石匠，用宝石击退了一条水淹宁波城的鳖鱼精，于是老百姓在市中心修了这座塔保存宝石，让它永远护佑宁波城。不过，建造这座塔的真正原因，其实和宁波的海上丝绸之路有关，当时这座塔是古代明州港重要的水运航标。千百年后的今天，天封塔早已不再承担航运作用，倒是成了市中心的古老地标。你可以在塔下的公园逛逛，仰望它高挑的塔身。购票登塔，俯瞰不远处的城隍庙和宁波城市风光，也是不错的体验。,全年 8:30-16:30,https://img1.qunarzz.com/travel/d6/1703/a9/55f67e19706f6cb5.jpg_480x360x95_cd6ab248.jpg,4.5,建议游览时间：1小时 - 2小时,,具体收费情况以现场公示为主,,5
栲栳山Kaolao Mountain,http://travel.qunar.com/p-oi715630-kaolaoshan,"

地址:
宁波市慈溪市上林湖南首

",栲栳山位于浙江慈溪上林湖南首，海拔较高，山上绿树成荫，涧中飞瀑轰鸣。栲栳山的一山一水，一石一木，全是大自然的神工造化，绝无半点人工凿痕，就如同它的名字一样，原始而朴素。山分东西两峰，长年白雾茫茫。两峰间有一谷，谷底涧水湍急，这就是栲栳溪。山中的瀑布岭上，有许多野山茶。每年清明前后，嫩芽吐香。古老闻名的“仙茗茶”就产于此。唐代陆羽在《茶经》中提到：“越州明州、台州均产茶”，且当“以越产者为上”。陆羽又云：“余姚县生瀑布泉岭，曰仙茗。”另据《余姚六仓志》记载：“瀑布岭在栲栳溪”，可见“仙茗”之名副其实。品尝“仙茗珠茶”，粒粒浑圆结实，白毫隐隐，沏上一杯，满屋生香；喝上一口，回肠荡气，真是“香于九畹芳兰气，圆如碧玉珠走盘。” 栲栳山的奇峰险岭，上林湖的清丽水气，真是修身养气的好所在。,全年 9:00-16:00,https://tr-osdcp.qunarzz.com/tr-osd-tr-manager/img/a0ba3e0999701d18668bd9c72f0ad342.jpg_480x360x95_44834009.jpg,4.1,建议游览时间：2小时 - 3小时,,具体收费情况以现场公示为主,,5
慈城古县城Cicheng Ancient Town,http://travel.qunar.com/p-oi715010-cichengguxiancheng,"

地址:
宁波市江北区慈城镇


电话:
0574-87572398,0574-87572788


官网:
http://www.cichengtour.com/

",慈城古县城位于宁波北郊，城内保留着当年县城的布局和大量明清古建，漫步城中，随处可见古朴的院落，偶尔可见大宅深院，是一座舒服且安静的古城。不要错过这里物美价廉的特色小吃，其中上过央视的慈城年糕较为出名。从东侧的游客中心进入古县城，首先会经过冯俞宅，古宅外面的《游子吟》诗句展示，开门见山地道出了慈城是慈孝之乡。冯俞宅也是宁波现存规模大，保存完好的古建筑群之一，里面有坐具文化展、惠山泥人展、景德镇青花瓷展等展览，单冲着冯俞宅的建筑就值得进去看看。冯俞宅西侧的金家井巷由东向西依次是布政房、福字门头、甲第世家，都是比较典型的明清建筑。往南拐到竺巷东路，便可看到孔庙的棂星门，它是浙东地区仅有的保存完整的孔庙，有一些祠堂和碑刻，可以在里面感受儒家氛围。沿解放路往北，尽头便是慈城古县衙，古县衙很大，现在综合成了清风园景区，里面用蜡像复原了当初县衙的场景。让人印象深刻的是一个铜钱状的大门，进门时会有种“钻进钱眼里”的感觉，里面是历代贪官的塑像和龙虎狗三铡刀，阴森森的，颇有震慑力。县衙西侧的城隍庙是整个古县城里有意思的地方。里面有一个慈城年糕馆，不仅用实物和图片展示了年糕的制作过程，要是肚子饿了，还可以尝尝上过央视节目的慈城年糕。走到古县城北边便是慈湖，沿湖有水上坟、董孝子井、师古亭等景观，湖东面的校士馆有关于科举制度的展示。沿湖风光不错，可以在此小憩一会儿。湖边的走马楼饭庄、宝善堂酒吧建筑古色古香，可以去吃点东西，顺便参观一下建筑。街上也有很多小吃和面店可以用餐。返程时沿着太湖路往南，路过冯岳彩绘台门，这里的母亲的艺术展可以参观和体验中国结、剪纸等女红艺术。出城顺着护城河往南，到清道观，这个景点略远，在一个小山上，可以爬上去看景，对道教感兴趣的可以来看看。,8:30-16:50，16:30景区入口关闭，出口开放至16:50。2月11日（除夕）中午12点开始景区暂停营业，初一开始正常恢复营业。,https://img1.qunarzz.com/travel/d5/1703/64/fae7877c0a5c0bb5.jpg_480x360x95_3752dc80.jpg,4.3,建议游览时间：12小时 - 3天,,内部景点可单独购票，也可购买景区七景点联票165元。,,5
横山岛Hengshan Island,http://travel.qunar.com/p-oi709606-hengshandao,"

地址:
宁波市宁海县横山岛


电话:
0574-59956666

",强蛟群岛12岛之一，是开发中的宁海湾旅游度假区重要组成部分。本岛呈南北走向，长0.76公里，宽0.23公里，高点海拔51米。无论从哪个角度观岛，皆成横形，状如“山”字，故名。岛上有镇福庵，原分前后二殿，基为明代所建，梁柱为清代造型，号“小普陀”，来自奉化、宁波、宁海一带的善男信女络绎不绝。岛上茂林修竹，郁郁苍苍，清幽雅静。岛周岩石，经长年海涛拍击，成浪蚀崖穴，千姿百态，景物诱人。如有幸一游，当成“蓬莱仙客”！其他景点有普南禅院、省水产学校旧址等。这是一片古老...强蛟群岛12岛之一，是开发中的宁海湾旅游度假区重要组成部分。本岛呈南北走向，长0.76公里，宽0.23公里，高点海拔51米。无论从哪个角度观岛，皆成横形，状如“山”字，故名。岛上有镇福庵，原分前后二殿，基为明代所建，梁柱为清代造型，号“小普陀”，来自奉化、宁波、宁海一带的善男信女络绎不绝。岛上茂林修竹，郁郁苍苍，清幽雅静。岛周岩石，经长年海涛拍击，成浪蚀崖穴，千姿百态，景物诱人。如有幸一游，当成“蓬莱仙客”！其他景点有普南禅院、省水产学校旧址等。这是一片古老而神秘的岛屿。早在汉代，武帝就因此地是海道要冲而设鲒（土奇）亭。到北宋，以梅妻鹤子为伴的林逋竟对此地发生兴趣，在四孤坪建起了八卦形象的太极宫。至明代，这里又因浮现海市蜃楼而称为蜃楼门，整个海隅也因此而取名为蜃海。这时又在民间传播着一个观音解难的故事，于是横山岛上耸起了供奉观音的镇福庵，“小普陀”之名传闻遐迩。明代开始禁伐林木，至今全岛已是古木参天，有700多年的桑树和芙蓉树。如今，强蛟已建成三千吨级的码头，是宁波市的天然良港和海产基地，但亭寨遗址、明清古建筑及四孤坪道院、小普陀殿宇等古迹依然完好。到这里游览，可发思古之幽情，赏海天之奇观，品海鲜之新味。,全年 全天开放,https://img1.qunarzz.com/travel/d8/1702/27/d991bf4ac51e87b5.jpg_480x360x95_f8937fc8.jpg,4.2,建议游览时间：3天 - 6天,,具体收费情况以景区现场公示为主。,,5
宁波野生动物园Youngor Zoo,http://travel.qunar.com/p-oi715505-ningboyeshengdongwuyuan,"

地址:
宁波市鄞州区东钱湖旅游度假区高钱村（近鄞县大道）


电话:
0574-88378378


官网:
http://www.nbzoo.com/

",宁波野生动物园坐落在东钱湖度假区内，里面有丰富的动物和有趣的游乐项目、表演活动，适合带小朋友来科普观光、认知动物。动物园有南、北两个大门，南门离主要观赏区较远，进来是风铃广场和鸽子园。北门则是主要入口，电瓶车始发站也在这附近。北门进入往右便是狮虎馆，看非洲狮、东北虎等大型哺乳动物，往里走能则是梅花鹿、斑马、大象等等。北入口正对面是鸟类和蛇展区，西南边的欢乐广场上，有顽猴餐厅可以用餐。餐厅后面的游乐场还可以玩摩天轮、碰碰车等游乐项目。园内设有四个表演场，将有大象、虎、狮、猴、鹦鹉等动物登台献艺，同时还有精彩的杂技和民族风情表演，表演时间和场地参见景区公告。由于园内有较为开阔的水域，你也可以乘船在水上游览。另一个特别之处是卧龙洞的“外星生物馆”，由从太空看地球、外星人实验室、外星人家族、恐怖的外星人等四大区块组成，神秘而有趣。,5月1日-10月31日8:00-16:30；11月1日-次年4月30日9:00-16:30；15:30起停止检票入园。,https://img1.qunarzz.com/travel/d5/1601/50/ba86e795597d42f7.jpg_480x360x95_dd2a245e.jpg,4.6,建议游览时间：4小时 - 6小时,,"{'雅戈尔动物园门票成人票\n\n': ['¥70起'], '雅戈尔动物园门票儿童票\n\n': ['¥70起'], '雅戈尔动物园门票老人票\n\n': ['¥70起']}",,5
梁弄古镇Liangnong Ancient Town,http://travel.qunar.com/p-oi710376-liangnongguzhen,"

地址:
宁波市余姚市梁弄镇


电话:
0574-87291299

",梁弄是浙江省历史文化名镇，抗战时期是四明山革命根据地的心脏，历史上还是浙东唐诗之路的重要驿站，李白、皮日休等渚多诗人驻足于此。镇内有五桂楼、宋墓石雕、马蹄形街等历史古迹和浙东根据地纪念馆、新四军浙东纵队司令部旧址、四明山革命烈士陵园等革命胜迹，自然人文，相得益彰。,全年 全天开放,https://tr-osdcp.qunarzz.com/tr-osd-tr-manager/img/aae6015e8e3b74fec5edf0d426053541.jpg_480x360x95_a9e33234.jpg,4.1,建议游览时间：3小时 - 4小时,,免费开放,,6
梁皇山景区Lianghuang Mountain Scenic Area,http://travel.qunar.com/p-oi705561-lianghuangshanjingqu,"

地址:
宁波市宁海县前童镇


电话:
0574-65389933

",梁皇山，古称“桐柏山”，位于宁海县前童古镇境内，因南北朝时期梁宣帝为避侯景之乱曾至此隐居而得名。梁皇山海拔768米，山势险峻、峰奇石异、谷深涧幽、飞瀑流泉，满目扑绿，风景旖旎，美不胜收。古今众多文人墨客曾在此留下诗篇和足迹，自宋代起即为江南名山之一。是《徐霞客游记》的开篇地；是江南佛教和道教文化的发祥地；这里，是梦幻般的桃花源；这里，是璀璨的历史文化和独特的自然景观完美的结合体。梁皇寺（原名崇福寺）位于梁皇山南麓，建于唐武德年间（618-626年），至清同治十一年（1872年）改为“拱台书院”。古老的梁王寺只有3间小屋，现住持元中和尚正在建造一个高大的大雄宝殿和其他寺院用房。寺后有梁源潭、拜经台、石镬等胜景。,10/1-11/30 周一-周五 08:10-16:30;10/1-11/30 周六-周日 08:10-17:00,https://img1.qunarzz.com/p/tts2/1811/ce/7e8374567daab102.jpg_480x360x95_adf3133f.jpg,4.2,建议游览时间：3小时 - 5小时,,"{'梁皇山景区门票成人票\n\n': ['¥48起'], '梁皇山探险乐园观光票优待票\n\n': ['¥25起'], '梁皇山景区门票+连云渡玻璃桥+高空漫步体验成人票\n\n': ['¥126起']}",,6
丹山赤水Danshan Chishui,http://travel.qunar.com/p-oi708281-danshanchishui,"

地址:
宁波市余姚市大岚镇柿林村


电话:
0574-87786171


官网:
http://www.dscs.cn/

",丹山赤水位于余姚城区西南45公里处，属于四明山的一部分。这里因“红岩印溪水”而得名，景色非常美，山中还有不少道教遗迹。丹山赤水最好的时节是秋冬之际，不仅有满山的红叶，也是吃柿子的好时候，不少周边游客自驾过来体验农家乐趣。景区有两个入口，主入口靠近山下的柿林村（余姚方向），东面的次入口距离村子大约2公里（宁波方向）。柿林村是丹山赤水的食宿大本营，游人通常吃住在这里，去溪水对面爬山，夏天溪上还可以玩漂流。柿子熟的时候在村里买柿子非常实惠，这里的柿子都是自然熟的，只要几块钱一斤，天然好吃又便宜。进入村子首先映入眼帘的是一古树群，据说都有百年树龄。秋天结满柿子的时候更是诱人。村里几乎家家户户都种柿子，而且大多数人都姓沈，是沈括的后裔。其它值得一看的地方，诸如东面的沈氏宗祠、古井路上的同心古井，以及靠近北面的梦溪草堂、御碑亭等，走在狭长的小巷中，时不时能遇到在路边闲聊的当地人，感觉很清静。这个小村庄全是石头垒砌的房子，看多了徽派建筑和江南古镇，让人眼前一亮。里面有不少农家乐，也都是石墙青瓦的老房子，条件虽不如城里的宾馆，却别有一番风味。如果要去爬山，可进入景区大门后直接往左，走不远便是赤水桥，过桥即是山门入口，有石碑刻着“丹山赤水”四字，可拍照留念。你也可以从村中的牛头山路出发，过樵苏园，走九曲鸿运道至溪边，这里是夏天漂流的起点，可乘皮筏一路漂到下游的次入口。往左则是通往山上的步道，步道缠绕在溪水两侧，有小桥相连。上山的路比较陡，总的来说是一条环线，并不用走回头路。向上约三分之一处，有一个名为“金丹九炼”的山洞，相传是四明道祖师爷炼丹修真的地方。越往上山势越陡，正当体力难支时，有一倚天廊，正好在廊内休息。攀上山岭，有一尊巨大的太上老君石，也是山中的标志景观之一。由此走过一段相对平缓的山路，就到了四明道观，这也是四明山中规模相对较大的道观，可入内参观。山顶有个撒药台，伸在悬崖峭壁上，值得一看。从山脚爬到山顶至少需要半小时，沿着步道继续往前走，便可回到山下的溪边，走到尽头处是“第九洞天”大穿越的服务区，这里离赤水桥也不远了。第九洞天是景区新近推出的一些户外拓展项目，滑索、山间独木桥之类。,4/1-11/30 08:00-17:00;12/1-3/31 08:30-16:30,https://img1.qunarzz.com/travel/d9/1703/5d/5765d6f3817999b5.jpg_480x360x95_0fa3f72e.jpg,4.3,建议游览时间：12小时 - 3天,,"{'余姚丹山赤水景区门票成人票\n\n': ['¥60起'], '余姚丹山赤水景区门票儿童票\n\n': ['¥40起'], '丹山赤水门票+如意玻璃天桥套票成人票\n\n': ['¥140起']}",,6
二灵山恒元温泉Erlingshan Hengyuan Hot Spring,http://travel.qunar.com/p-oi7528389-erlingshanhengyuanwen,"

地址:
宁波市鄞州区环湖东路1000号 （近东钱湖）


电话:
0574-89219999,0574-89203203

",二灵山恒元温泉坐落于二灵山脚下，是浙东地区规模最大的室内和室外露天温泉。弱碱性。分为主题多样的露天园区和室内综合水疗区。配有休闲项目，如桌球乒乓室、娱乐游戏室、室内游泳池、健身房、棋牌室、量贩式ktv、儿童乐园等，拥有形态各异的温泉池50多个。分为六个不同特色的主题区域，生态钱湖区、禅茶养心区、慈孝文化区、芳香理疗区、百草养生区、至尊私汤区。,10/18-11/14 13:00-22:00;11/15-3/31 周一-周五 13:00-22:00;11/15-3/31 周六-周日 10:30-22:00,https://mp-piao-admincp.qunarzz.com/mp_piao_admin_mp_piao_admin/fusion/20192/487c087b2eb5e6909c93f8aa909d9871.jpg_480x360x95_97a0b50a.jpg,4.6,建议游览时间：12小时 - 3天,,218元,,6
宁波美术馆Ningbo Contemporary Art Museum,http://travel.qunar.com/p-oi3732060-ningbomeishuguan,,,,,,,,,,6
宁波海洋世界Ningbo Ocean World,http://travel.qunar.com/p-oi3731930-ningbohaiyangshijie,"

地址:
浙江省宁波市鄞州区桑田路936号


电话:
0574-56155555


官网:
http://www.nbhysj.com/

",宁波海洋世界位于宁波儿童公园东首，是宁波的一家展示海洋生物、宣传海洋知识的现代化专业水族馆，你可以在此感受海洋生物奥秘无穷的乐趣，是广大市民和青少年朋友探索海洋知识的好去处。海洋世界目前拥有水族馆、海洋剧场两个场馆。海洋馆有以神秘的吴哥窟景观、古老的埃及文化、沧桑的圆明园遗址为背景的海洋鱼类展示区，游客可以在此欣赏海洋生物很好的融合自然生态之美。另外还有全国享有的三种（跃层式、180°、270°）海底观光隧道组合，让你体验置身于海洋深处的梦幻感受。海洋剧场设有日本瓶鼻海豚、俄罗斯白鲸、俄罗斯海象、南美海狮、加州海狮、北极狼、北极狐、跳岩企鹅展示区，海洋科普教育长廊、白鲸拍照互动区和海洋科普馆。在新颖时尚、振奋人心的海洋剧场，表演区一次性可以容纳2500多名观众，在星光闪耀、万人瞩目的华丽舞台上，看海洋动物明星才艺大汇演。,全年 08:15-17:30,https://mp-commentcp.qunarzz.com/mp_comment_mp_comment/1562440248721100w16000000z37uyC3C1_D_640_10000.jpg_480x360x95_d05565b4.jpg,4.7,建议游览时间：3小时 - 4小时,,"{'宁波海洋世界门票成人票\n\n': ['¥194起'], '宁波海洋世界门票儿童票\n\n': ['¥144.8起'], '宁波海洋世界门票家庭票(2大1小)\n\n': ['¥505起']}",,6
宁波科学探索中心Ningbo Science Exploration Center,http://travel.qunar.com/p-oi7469022-ningbokexuetansuozhong,"

地址:
宁波市宁穿路1800号（宁波文化广场Ⅲ区）


电话:
0574-87038000


官网:
http://www.nbsec.org/

",宁波科学探索中心位于市政中心西侧，是以“探索”为主题的互动式科普场馆。五层的空间中众多与科学有关的互动体验非常讨小孩子喜欢，还设有一间球幕影院。是带孩子来增长知识，寓教于乐的好地方。场馆内包含常设展厅、临展厅、球幕影院、报告厅、多功能厅等区域，游人主要游览第二层、第三层的常设展厅，这一片的体验活动较丰富。二层的主题是“海洋”、“和谐家园”和“宇宙”；三层则主要是“人体与脑”、“人的技能”和“科学的乐趣”三个主题。四层的球幕影院需另购票30元，但值得一试。观众可以斜躺着欣赏巨大的球幕上投射的画面，视听效果非常震撼。,"全年 周三-周五,周日 09:30-16:30;全年 周六 09:30-20:30;全年 周一-周二 全天不开放 ;中国法定节假日 09:30-16:30",https://img1.qunarzz.com/travel/poi/1803/82/0649df5981c96f37.jpg_480x360x95_7041f58b.jpg,4.6,建议游览时间：12小时 - 3天,,"{'宁波科学探索中心球幕影院门票大小同价\n\n': ['¥35起'], '宁波科学探索中心电子导览服务大小同价\n\n': ['¥9起']}",,6
沙堤村,http://travel.qunar.com/p-oi39160261-shadicun,,,,,--,,,,,6
新后屠桥村,http://travel.qunar.com/p-oi38340590-xinhoutuqiaocun,,,,,0.0,,,,,6
甬江公园,http://travel.qunar.com/p-oi37183242-yongjianggongyuan,,,,,0.0,,,,,6
奉化白岩山,http://travel.qunar.com/p-oi36413863-fenghuabaiyanshan,"

地址:
横溪镇

",,全年 全天开放,,4.8,,,具体收费情况以现场公示为主,,7
杭州湾新区体育公园,http://travel.qunar.com/p-oi36411459-hangzhouwanxinqutiyugong,"

地址:
庵东镇世纪城金源大饭店对面


电话:
0574-63570999

",杭州湾新区体育公园由南、北两个开放式公园组成，由功能步道串联。其中北公园以绿地景观为主，南公园主要以体育设施为主。,全年 全天开放,,0.0,,,,,7
三圣殿水库Sansheng Palace Reservoir,http://travel.qunar.com/p-oi35217136-sanshengdianshuiku,,三圣殿水库水域面积较大，四周层峦叠嶂，风光秀丽，是宁波市饮用水源。,,,0.0,建议游览时间：0.5小时 - 1小时,,具体收费情况以现场公示为主,,7
四明山杖锡风景区Siming Mountain Zhangxi Scenic Area,http://travel.qunar.com/p-oi35216221-simingshanzhangxifeng,"

地址:
大乡段附近


电话:
0574-88288898

",四明山杖锡风景区占地面积广，山峦叠翠，花草树木葱郁，自然景色秀丽。这里也是国内较大的樱花苗木培植、观赏基地。景区分为樱花记忆园、品茗园、青春谷、休闲垂钓区等多个区域，是您休闲度假的好地方。,全年 08:00-16:30,,5.0,建议游览时间：12小时 - 3天,,具体收费情况以景区现场公示为主。,,7
中坡山森林公园Zhongpo Mountain Forest Park,http://travel.qunar.com/p-oi35198643-zhongposhansenlingong,,中坡山森林公园上下山道路台阶通畅，沿途以原生态植被和溪水小瀑布为主。森林公园景观秀丽，具有奇、幽、美、险等山水自然风光特色。,,,4.0,建议游览时间：3小时,,,,7
杭州湾新区中心湖公园Hangzhouwan Xinqu Zhongxin Hu Park,http://travel.qunar.com/p-oi33207965-hangzhouwanxinquzhong,"

地址:
庵东镇中兴一路东100米

",中心公园位于中兴一路，公园内有草坪，有湖泊，是市民散步，休闲的好去处。,全年 全天开放,https://tr-osdcp.qunarzz.com/tr-osd-tr-manager/img/2a0d0fb9f937ee48809db95704a115f7.jpg_480x360x95_bac67b11.jpg,0.0,建议游览时间：2小时 - 3小时,,,,7
"鹿亭中村Zhong Village, Luting",http://travel.qunar.com/p-oi33207578-lutingzhongcun,"

地址:
宁波市余姚市鹿亭乡东南部

",鹿亭中村是一个藏身宁波的桃花源千年古村，地处四明山脉北麓，地势南高北低，晓鹿大溪穿村而过。这里有着渊远流长的历史，青山、秀水、古庙、古桥、古民居，展现了独具特色的浙东乡土古村落风貌。走近中村，迎面是层层叠叠的苍翠青山，村中央蜿蜒穿过一条清澈见底的晓鹿溪，将整个村落一分为二，形成隔岸相望之势。村内现存民居建筑多为块石垒砌且装饰朴素的传统乡土建筑，村庄内部保持了传统街巷肌理，整体格局完整。村内的白云桥始建于唐贞观年间，后屡有毁建，现存的桥是在清光绪十六年所建，至今也有百年历史。远远望去，这座高耸的陡拱式单孔石桥如长虹般横跨在晓鹿溪两岸。桥身又高又窄，两边山峦挺立。与这座白云桥相配套的，是南边与拱桥连接的20个蹬步石，这种山溪上特有的水上蹬步，不铺桥板，洪水可从石步磴间漫流而过，行人也可踏石渡水。它的原理相当于现代建造水库堤坝的溢洪道，起到溢泄洪水，保护桥身的作用。如今，村民们还在自家开起了农家乐，出品的灰汁团、笋甫烤肉、溪坑鱼、笋甫干菜等菜品颇具乡野风味，如果觉得不过瘾，走的时候还可以买一些番薯、枣子、笋干菜、粉丝等带回去，细细回味。,全年 全天开放,https://tr-osdcp.qunarzz.com/tr-osd-tr-manager/img/6640b25c4f71d227bee5e9fe37c485ca.jpg_480x360x95_013cf0a5.jpg,4.3,建议游览时间：12小时 - 3天,,具体收费情况以现场公示为主,,7
梅山湾沙滩公园Meishanwan Shatan Park,http://travel.qunar.com/p-oi23422967-meishanwanshatangongyuan,,梅山湾沙滩公园是一个集看海、划船、晒日光浴于一体的观光性沙滩，蓝色的天空搭配着白色的沙滩，海天一线，十分壮观。在这里不仅可以有晒日光浴的专座，静静地躺在那里十分悠闲，也可以脱掉鞋子尽情享受沙滩的魅力。,,,3.9,建议游览时间：3小时 - 5小时,,"{'梅山湾沙滩公园门票成人票\n\n': ['¥19起'], '梅山湾沙滩公园门票优待票\n\n': ['¥9起'], '梅山湾沙滩公园门票+梅山湾沙滩欢乐世界\n\n': ['¥68起']}",,7
逐步村Zhubucun,http://travel.qunar.com/p-oi23341670-zhubucun,,逐步村建在山中的一块平地上，周围有不少梯田，四周望去，峰峦叠嶂，逐步村如孤悬世外淹没于苍山绿海之中的世外桃源。,,https://tr-osdcp.qunarzz.com/tr-osd-tr-manager/img/3d6b6dc34e58da1c0fa70abcc5c0246b.jpg_480x360x95_2fbb23e3.jpg,3.0,建议游览时间：12小时 - 3天,,具体收费情况以现场公示为主,,7
达人村Daren Village,http://travel.qunar.com/p-oi22978719-darencun,"

地址:
宁波市江北区梅竹路达人村


电话:
0574-27998788

",达人村是以“城市田园，欢乐乡村”为主题，集田园观光、农事体验、农俗演艺、亲子玩乐、乡村夜游、研学教育等为一体的大型田园主题乐园。乐园拥有遛贝亲子乐园、田园主题公社、农俗风情区、萌宠部落、田野农趣王国、田园研学体验区六大极具魅力的主题区，设有百项游乐设施和体验项目。乡野田园的亲子互动、奇趣横生的游乐设备、精彩纷呈的特色演艺以及农家风情的饕餮美食，为广大游客带来一站式、全方位、多元化的田园游乐体验。,全年 09:00-17:00,https://img1.qunarzz.com/piao/fusion/1811/6d/ff10c4ef8d024e02.jpg_480x360x95_0aa4da28.jpg,4.1,建议游览时间：12小时 - 3天,,"{'达人村门票成人票\n\n': ['¥150起'], '达人村门票儿童票\n\n': ['¥130起'], '达人村门票老人票\n\n': ['¥110起']}",,7
樱花公园Cherry Park,http://travel.qunar.com/p-oi20961919-yinghuagongyuan,"

地址:
大河巷樱花公园

",樱花公园南靠中山东路东段，东接中兴路，北邻中塘河，又名中兴樱花公园，是为纪念宁波市与日本长冈京市缔结友好城市而建。,全年 全天开放,https://tr-osdcp.qunarzz.com/tr-osd-tr-manager/img/fe42f6c295675f1570cd1a056225a3bb.jpg_480x360x95_f34bf0d2.jpg,4.6,建议游览时间：2小时,,具体收费情况以现场公示为主,,8
太平天国兵营旧址Taipingtianguo Bingying Site,http://travel.qunar.com/p-oi20041807-taipingtianguobingying,,,,,0.0,,,具体收费情况以现场公示为主,,8
冯骥才祖居博物馆Fengjicai Zuju Museum,http://travel.qunar.com/p-oi19524294-fengjicaizujubowuguan,"

地址:
慈城镇民主路中华路交叉口

",冯骥才祖居博物馆保留着旧家具，馆内有图片，书画，书籍等展品。,全年 09:00-16:00,,5.0,建议游览时间：1小时 - 2小时,,具体收费情况以现场公示为主,,8
鄞江古镇Yinjiang Ancient Town,http://travel.qunar.com/p-oi18702510-yinjiangguzhen,"

地址:
浙江省宁波市鄞州区鄞江镇

",鄞江古镇在浙江省宁波市海曙区辖镇，位于四明山脉东麓，距离宁波二十五公里，辖区面积62平方公里，下辖十二个自然村和一个居民会。其中镇区面积五点六平方公里，人口近三万。鄞江镇是上通四明山，外通三江口的贸易中心，是一座历史悠久的浙东有名重镇，有着“四明首镇”之称。原是浙江省宁波市鄞州区辖镇，在2016年10月，划归海曙区。,全年 全天开放,https://tr-osdcp.qunarzz.com/tr-osd-tr-manager/img/8a6c3762a6268446e507332323d7ec2a.jpg_480x360x95_a5139809.jpg,5.0,建议游览时间：12小时 - 3天,,具体收费情况以现场公示为主,,8
宁波植物园Ningbo Botanical Garden,http://travel.qunar.com/p-oi10091093-ningbozhiwuyuan,"

地址:
宁波市镇海区北环东路1188号


电话:
0574-86385111

",园内保留一段老铁路路基，和一台东方红火车头。在老铁路路基上铺了一小段游玩用的小小铁轨，坐小火车来回20元钱。目前只有1号门和3号门，还是3号门进出方便。,全年 08:00-17:00,https://img1.qunarzz.com/piao/fusion/2105/33/00567e60d7694e02.jpg_480x360x95_06b54755.jpg,4.6,建议游览时间：2小时 - 3小时,,"{'宁波植物园门票成人票\n\n': ['¥18起'], '宁波植物园门票优待票\n\n': ['¥10起'], '宁波植物园门票家庭票(2大1小)\n\n': ['¥45.8起']}",,8
鹤浦岛Hepu Island,http://travel.qunar.com/p-oi10032812-hepudao,"

地址:
宁波市象山县石浦镇

", 鹤浦岛，位于浙江省沿海中部，象山县南部。岛上风浪小，海水清澈。这是象山保存着户外本质味道的海岛，不曾被开发，没有便利的交通没有先进的旅游配套设施，拥有的只是没有人挤人的沙滩和淳朴的渔村。白天可以漫步沙滩捉螃蟹、玩沙滩排球；晚上，人多可以篝火啤酒烧烤、两个人可以躺在帐篷边看星星、谈谈风月。,全年 全天开放,https://tr-osdcp.qunarzz.com/tr-osd-tr-manager/img/4187edf2e61a4ca3614ecd685a0d53c9.jpg_480x360x95_fbce629e.jpg,4.7,建议游览时间：3天,,具体收费情况以现场公示为主,,8
保国寺古建筑博物馆Baoguo Temple Ancient Architecture Museum,http://travel.qunar.com/p-oi10009124-baoguosigujianzhubowu,"

地址:
宁波市江北区洪塘街道


电话:
0574-87586317

",保国寺古建筑博物馆座落在宁波市江北区灵山山腰，背枕鄮峰，左辅象鼻，右弼狮岩，宅幽而势阻，地廊而形藏，寺院若隐若现于云雾中，其精湛绝伦的建筑工艺令人叹为观止。其中大雄宝殿重建于北宋大中祥符六年（1013），是我国长江以南古老、保存完整的木构建筑之一，结构独特，气势恢宏，具有很高的历史、艺术和科学价值。博物馆分为4个展厅，分别为：天王殿、大雄宝殿、观音殿和藏经楼。,4/1-11/30 周二-周日 08:00-17:00;12/1-3/31 周二-周日 08:30-16:30;全年 周一 全天不开放,https://img1.qunarzz.com/piao/fusion/2105/65/2b2738c7acb49702.jpg_480x360x95_9d7c55ae.jpg,4.7,建议游览时间：1小时,,"{'保国寺古建筑博物馆门票成人票\n\n': ['¥19起'], '保国寺古建筑博物馆电子导览服务大小同价\n\n': ['¥9起']}",,8
清道观Qing Taoist Temple,http://travel.qunar.com/p-oi10006392-qingdaoguan,"

地址:
宁波市慈城东门外塔山上


电话:
0574-87572398

",位于慈城东门外塔山之上，建于唐天宝八年（749年），是道教敬神祀仙，道士修炼养性，以及进行各种有关活动的场所，唐宋两代是中国道教史上的鼎盛时期，与慈城清道观的命运结合。元以后，历经毁坏、重修和扩建，到民国时期，清道观槐荫夹道，松皇满亭，依山建筑共有七层，阁、厅、殿分布其中，各式塑像不可胜记，尤以巨钟而闻远近，该建筑于文革期间拆毁，现正重建。,8:40-16:30,https://tr-osdcp.qunarzz.com/tr-osd-tr-manager/img/8cf7a5e56da1ec536a8d867274b96bbc.jpg_480x360x95_2656eb20.jpg,4.1,建议游览时间：1小时 - 2小时,,30元,,8
江北天主教堂Jiangbei Catholic Church,http://travel.qunar.com/p-oi10001752-jiangbeitianzhujiaotang,"

地址:
宁波市江北区中马路2号


电话:
0574-87355903

",江北天主教堂位于三江口北面，是宁波的教堂之一，也是老外滩区域显眼的地标。教堂沧桑的哥特式外观，以及背后的一面断壁，是游人和拍婚纱照新人们镜头下的焦点。这座教堂的历史可追溯至清朝，见证了宁波这座港口城市传教活动的历史。教堂前的广场上建有一座不大的喷泉，不少摄影师会选择以喷泉为前景拍摄教堂的全貌。夜晚教堂的灯光亮起，显得庄严而宁静，更是捕捉夜景的好时机。,全年 全天开放,https://img1.qunarzz.com/piao/fusion/1810/55/513f2dbdfda9e702.jpg_480x360x95_62defb7e.jpg,4.4,建议游览时间：1小时,,,,8
王阳明故居Former Residence of Wangyangming,http://travel.qunar.com/p-oi10000848-wangyangmingguju,"

地址:
宁波市余姚市阳明西路36号


电话:
0574-62623205,0574-62602316

",    王阳明在此楼度过了他的童年时光。主楼建筑面积500多平方米，七楼七底，重檐硬山，结构简朴，气势较大，展现了浙东地区明清楼宅建筑的基本风貌。主楼设有王阳明史迹陈列，展览以翔实丰富的图片资料和实物，展示了王阳明先生作为“立功、立德、立言皆居绝顶”人物光辉灿烂的一生。    端云楼附近还有青晖佳气楼、大方岳第、翰林房、太守房等众多古建筑。,8:30-17:00，16:30停止入场,https://tr-osdcp.qunarzz.com/tr-osd-tr-manager/img/1ab8141caa9e7cca23fe18018cb1b3dc.jpg_480x360x95_3d4a71ea.jpg,4.7,建议游览时间：1小时 - 2小时,,具体收费情况以现场公示为主,,8
武岭门与武岭学校Wulingmen and Wuling School,http://travel.qunar.com/p-oi10000151-wulingmenyuwulingxuexiao,"

地址:
奉化市溪口镇蒋氏故里风景区

",武岭门在1929年前还是个小庵堂，1930年被建为三间两层的武关式城门建筑。门额两面都镌“武岭”题字，正面为知名书法家于右任所写。背面是蒋介石亲笔手书。武岭门内，只见三里长街与蜿蜒剡溪相依相伴，宛若世外桃园，仿佛陶渊明《桃花源记》中描写的“武陵”景象。武岭路三里长街就是蒋氏父子从小生活的故乡。武岭学校占地90余亩，环境一流，设施俱全，有教学楼、宿舍楼、图书馆、操场、餐厅等组成。武岭学校自创办以来，备受蒋家青睐。武岭学校礼堂，是学校的主要集会场所，据说重要活动，包括宋美龄49岁生日晚会等都在此举行。,8:00-17:00,https://flight-feed.qunarzz.com/as3/180/image/poi_vishnu/c9b8f21c-d693-49c8-a2dd-438c2d810d4d.jpg,4.1,建议游览时间：0.3小时 - 0.5小时,,包含在蒋氏故里景区门票与溪口风景区统票之内,,9
徐凫岩步云谷旅游度假区Xufuyan,http://travel.qunar.com/p-oi10000150-xufuyanbuyungulu:youdu,"

地址:
浙江省宁波市奉化市溪口镇徐凫岩


电话:
0574-88851801


官网:
http://www.xufuyan.com/

","徐凫岩步云谷旅游度假区位于宁波奉化溪口佛教第五大名山-一雪窦山弥勒道场雪卖寺西北7.5公里处，距离宁波市区1.5小时车程，是天然的森林氧吧，山水清奇、断崖峭壁,得天独厚的自然条件，造就钟灵镜秀的神仙居所。最区内已开发面积300亩，有徐凫岩瀑布、悬崖玻璃栈道、悬崖钢索栈道(飞拉达)、丛林车越、森林魔网、步云梯等娱乐设施和景点。是一个集自然观光、户外运动、餐饮住宿、团体活动于一体的综合性休闲旅游度假区。凌云渡玻璃栈道横卧于峭壁，沿绝壁而建，栈道全长260米，栈道设置2个观景平台，其中一个玻璃观景平台直接向外延展，置身其间，可依次体验漫步云端的梦幻仙境、凌空而立的惊险、瀑布擦肩而过的震撼。徐凫岩丛林穿越全长110米，包含大脚板、独木桥、穿越障碍、丛林荡木、丛林穿越、U型路、蜘蛛侠、翻越山丘、风雨绳桥、丛林斜木、斗志昂扬等11个趣味环节，游客通过爬、滑、游、跨、跳、飞跃等技巧进行树木间的探险，在娱乐过程中释放压力的同时，享受一种回归自然的轻松感。徐凫岩森林魔网被誉为“树冠上的冒险乐园”，借助自然生长的树木搭建而成，巧妙利用树木之间不规则的间距与空间，涵盖地面、中空、高空三个空间维度，结合大、小网结构打造出繁复而趣味的户外丛林体验项目。徐凫岩森林魔网最高处离地4米，为游客提供感官上的刺激性，是继凌云渡玻璃栈道之后的又一项面向全体游客的全新冒险方式，又因其高度的安全性，既是孩子的探险乐园，也是成人的娱乐天堂。飞拉达攀岩A线位于高达200米的高空峭壁上，体验感很强，依附岩壁行走，全长110米，其中还有两条缅甸桥，较长一条长9米，与瀑布肩并肩。飞拉达攀岩B线是专业路线，逆徐凫岩瀑布方向，全程攀爬220米，垂直攀登高度200米；需要攀爬者拥有强大的体能和毅力。飞拉达攀岩C线穿越瀑布，位于彩虹潭之上，全长180米，有机会可以触摸到彩虹，较高处离潭水约60米左右。
",8:30-16:00；15点停止检票。,https://mp-piao-admincp.qunarzz.com/mp_piao_admin_mp_piao_admin/fusion/20199/c853c6402f6d81e0147a2de25f265d82.jpg_480x360x95_88934573.jpg,4.1,建议游览时间：1小时 - 3小时,,"{'徐凫岩景区门票+凌云渡玻璃栈道门票成人票\n\n': ['¥72起'], '徐凫岩景区门票+凌云渡玻璃栈道门票儿童票\n\n': ['¥40起'], '徐凫岩步云谷旅游度假区门票+玻璃栈道+飞拉达攀岩A线成人票\n\n': ['¥172起']}",,9
千丈岩Qianzhangyan Rock,http://travel.qunar.com/p-oi9554584-qianzhangyan,"

地址:
宁波市奉化市溪口镇雪窦山风景区内


电话:
4001817718,0574-88855555

",这是一口开挖于宋代的古池。后被命名为“锦镜池”。池中汇聚了雪窦寺东、西两条涧水，当时面积达7800平方米。其上修桥置闸，以控制千丈岩的瀑布。现在的锦镜池面积约200平方米，在1986年重修，池畔砌堪筑路300米，上端有关山桥，桥上是青锁亭，使千丈岩的景观错落有致，景色更加迷人。千丈岩是雪窦山景区中一处自古驰名的胜地。千丈岩瀑布落差186米，以雄奇壮观而闻名，北宋真宗皇帝赵恒曾赐名为“东浙瀑布”。站在飞雪亭上，可以看到前面的悬崖峭壁上飞泻直下的瀑布。岩壁中“千丈岩...这是一口开挖于宋代的古池。后被命名为“锦镜池”。池中汇聚了雪窦寺东、西两条涧水，当时面积达7800平方米。其上修桥置闸，以控制千丈岩的瀑布。现在的锦镜池面积约200平方米，在1986年重修，池畔砌堪筑路300米，上端有关山桥，桥上是青锁亭，使千丈岩的景观错落有致，景色更加迷人。千丈岩是雪窦山景区中一处自古驰名的胜地。千丈岩瀑布落差186米，以雄奇壮观而闻名，北宋真宗皇帝赵恒曾赐名为“东浙瀑布”。站在飞雪亭上，可以看到前面的悬崖峭壁上飞泻直下的瀑布。岩壁中“千丈岩”三个大字，是中国书法家协会副主席黄绮先生所写，1992年凿成。飞雪亭自古是观赏千丈岩瀑布的佳之地。因千丈岩瀑水状如飞雪，古有飞雪瀑之称，因此此亭取名叫飞雪亭。,具体开放时间请咨询景区,https://img1.qunarzz.com/piao/fusion/2011/7a/8db052ad5ac5df02.jpg_480x360x95_6c0b5669.jpg,4.6,建议游览时间：1小时 - 2小时,,"{'（ 纯玩无自费）奉化溪口蒋氏故居+雪窦山弥勒大佛一日游\n\n': ['¥88起'], '精选纯玩--宁波旅游蒋氏故里奉化溪口雪窦山弥勒佛祈福 一日游\n\n': ['¥298起'], '宁波奉化溪口风景区一日游/雪窦山+环保车/登妙高台揽胜/赏千丈岩瀑布/拜弥勒大佛/观蒋氏故居\n\n': ['¥298起']}",,9
三江口Sanjiangkou,http://travel.qunar.com/p-oi8604860-sanjiangkou,"

地址:
宁波市江北区外马路17号(老外滩)50米内

",三江口是甬江、姚江、奉化江交汇的地方，也是宁波的心脏。江水将宁波分江东区、海曙区、江北区三块，有甬江大桥等桥梁相联。这里是历代商贾云集之地，不仅能看到密集的城市景观，霓虹闪烁的夜景也让人沉醉。三江口的公交十分发达，几乎可以抵达你想去到的任何一处。住宿则在海曙更为集中，各种档次的酒店都容易找到。江北的老外滩上，欧陆风情的老建筑被改建成各种小资的茶馆、酒吧、咖啡厅，是宁波较时尚的地带。江边文化广场上老码头改建的宁波城市展览馆和宁波美术馆值得一游，老外滩街口的江北天主教堂曾也是标志性的建筑。江对岸海曙的天一广场距离老外滩只有一站路距离，步行只用十来分钟。这里是宁波购物和美食较集中的地方。逛累了，去江边坐坐，惬意得很。如果你晚上路过天一广场，不要错过音乐喷泉。天一广场周边，宁波的老城区保留了不少人文气息浓郁的历史建筑，鼓楼、城隍庙、月湖公园、天一阁都在10分钟车程之内，步行大约半小时。天一阁是我国现存较古老的私人藏书楼，也是书香弥漫的江南园林。鼓楼夜市和城隍庙都能淘到不少有意思的小玩意，城隍庙更是搜罗了不少南北小吃，缸鸭狗的宁波汤圆总是不容错过的当地美食。由老外滩过甬江大桥去到江东，这边是宁波的新兴区域，桥下的杉杉公园可饱览对岸海曙和江北全景，是看三江口夜景较棒的地方。往北走一些，太丰面粉厂改建的宁波书城、和丰纱厂改建的和丰创意园区则是艺术文化与工业文明交融的产物，推荐热爱文艺的朋友前去参观。,全年 全天开放,https://tr-osdcp.qunarzz.com/tr-osd-tr-space/img/30fe80013a19d3126aa394bb3f459ee8.jpg_480x360x95_f9f3961e.jpg,4.6,建议游览时间：2小时 - 4小时,,具体收费情况以现场公示为主,,9
慈城孔庙Cicheng Confucius Temple,http://travel.qunar.com/p-oi8304679-cichengkongmiao,"

地址:
宁波市江北区慈城镇竺巷东路55号


电话:
0574-87572398,0574-87573396

",慈城孔庙位于江北区慈城镇中心竺苍东路55号，建于宋庆历年间，建炎四年毁于金寇，绍兴十二年复建，历代都有修葺。咸末十一年太平天国军入城，毁明伦堂，同治八年重 建明伦堂。光绪十八年重建梯云亭及斋房六间。现在保存的是清代晚期建筑，据光绪力年清工部尺量共占地18.56亩，共有祠、阁等房屋137间，布局完整，气势宏大，外围红色高墙“宫墙万仞”四个大字，系全国保存完整的孔庙之一。,8:30-16:50（16:30后停止入场），具体开放时间详见景区公示。,https://img1.qunarzz.com/p/tts7/1805/7a/32855f7908072e02.jpg_480x360x95_0f4ed397.jpg,4.3,建议游览时间：1小时,,"{'慈城古县城四景点联票成人票\n\n': ['¥45起'], '慈城古县城四景点联票亲子票(1大1小)\n\n': ['¥80起'], '慈城古县城四景点联票家庭票(2大1小)\n\n': ['¥108起']}",,9
天下第一桃园Tianxiadiyi Peach Orchard,http://travel.qunar.com/p-oi7526522-tianxiadiyitaoyuan,"

地址:
宁波市奉化区萧云路


电话:
0574-88834833

",天下第一桃园位于浙江宁波奉化市萧王庙街道林家村王家山。林家村是个环境优美、文化氛围浓郁的古村落。东靠同山、北临泉溪，村旁古树参天，修竹依依，桃林漫山；村内古风犹存，民风淳朴，一派恬静优美的乡村自然风光。,全年 全天开放,https://tr-osdcp.qunarzz.com/tr-osd-tr-manager/img/eab4620a2acdc0337ad5ae0a74b10799.jpg_480x360x95_fc9e6638.jpg,4.4,建议游览时间：2小时,,具体收费情况以现场公示为主,,9
杭州湾跨海大桥Hangzhou Bay Bridge,http://travel.qunar.com/p-oi716267-hangzhouwankuahaidaqiao,"

地址:
宁波市慈溪市


电话:
0574-63078005

",杭州湾跨海大桥北起嘉兴市海盐郑家埭，止于宁波市慈溪水路湾，全长36公里。它是上海、苏南地区与宁波北大门的快速通道，周末经由跨海大桥自驾去宁波、舟山吃海鲜，到苏州赏园林，都非常方便。夜晚灯光亮起更是好看。大桥蜿蜒曲折的桥身横跨杭州湾，给人的视觉震撼自不用多说。沿途的栏杆涂成了彩虹般的七种颜色，不仅是一道有趣的靓丽风景，而且能提示司机里程距离。桥中间的海天一洲是大桥的标志建筑，形似雄鹰展翅的建筑造型独特（平台+观光塔100元），可以登上观景台俯瞰大桥和杭州湾风光，还能买到金华火腿、普陀山观音饼等特色食品。如果时间允许，不妨在这里的海天一洲观景酒店留宿，挑一间海景房，若是天气好还能看到海上日出日落。,全年 全天开放,https://img1.qunarzz.com/travel/poi/201211/15/93296d5790d30798ddb12cfb.jpg_480x360x95_50b83cde.jpg,4.6,建议游览时间：1小时,,具体收费情况以现场公示为主,,9
松兰山海滨浴场Songlanshan Seashore Tourist Area,http://travel.qunar.com/p-oi707094-songlanshanhaibinyuchang,"

地址:
宁波市象山县巨鹰路


电话:
0574-65709298,0574-65709097

","松兰山海滨旅游度假区位于象山县城东南9公里的一处海滨,规划面积25.1平方公里。区内海滨风光优美、海洋文化厚重、休闲度假设施完善。山海间一条长约12公里的观光公路构勒出曲折绵长的海际轮廓线,其间岛礁、沙滩、港湾、岬角、岸礁遍布,山连山和滩连滩,风韵独特、美不胜收。大小不一的沙滩浴场平磨如席、沙细似绢,让人玩沙沐阳、嬉水蹈浪、留连忘返。茂密的生态植被、美丽的四季花草和清爽的海滨空气造就了舒适的度假环境。建有荟集海洋生物标本、珍稀动物的百鸟乐园,是理想的青少年科普活动基地。",全年 8:00-19:00,https://img1.qunarzz.com/travel/poi/1706/c4/52614418a1cd2a37.jpg_480x360x95_b6f7b32d.jpg,3.8,建议游览时间：2小时 - 3小时,夏季阳光灿烂，最宜前往松兰山海滨旅游度假区享受那明媚的阳光、细软的沙滩、清澈的海滨以及丰富的水上活动。,具体收费情况以现场公示为主,,9
走马塘古村落Zoumatang Ancient Village,http://travel.qunar.com/p-oi712059-zoumatanggucunluo,,,,,,,,,,9
欢乐佳田农场Huanlejiatian Farm,http://travel.qunar.com/p-oi7469776-huanlejiatiannongchang,"

地址:
宁波市宁海县长街镇山头村


电话:
0574-65321666,0574-65320666

",欢乐佳田农场东临石浦渔村、伍山石窟，西揽前童古镇、浙东大峡谷，北靠宁海温泉、许家山石头村，南朝三门湾，目前占地面积近1000亩，其中水域面积约160亩。农场依山环水，四季分明，是具有江南特色、平原园地与山、水呼应的立体水乡，同时体验瓜果蔬菜的适时采摘。得天独厚的自然环境，丰富的生态资源，一年中不同的季节将展示各具特色的田园风光，同时体验瓜果蔬菜的适时采摘。欢乐佳田农场让游客回归山林田野，在大自然的怀抱中放飞心灵、感受真我，拥有一个快乐难忘的田园假期。,全年 8:00-17:00,https://img1.qunarzz.com/travel/poi/1408/28/3f6665b63165c56effffffffc8d65eac.jpg_480x360x95_0973351d.jpg,4.2,建议游览时间：2小时,,具体收费情况以现场公示为主,,9
蒋母墓道Jiangmu Tomb Road,http://travel.qunar.com/p-oi722705-jiangmumudao,"

地址:
宁波市奉化溪口镇镇西1公里处翠屏山鳞岙


电话:
0574-88855555,4001817718

",牌楼是进入蒋母陵园的第一站，石碑坊为四柱三门式。中门上刻着“蒋母墓道”四个字，所以从这里到蒋母墓统称为“蒋母墓道”。从石碑坊到蒋母墓，是一条长668米的卵石路，两旁松林夹道。行约300米，有一座亭子，跨路而筑，形状很象古代书生的方巾帽。从墓庐上行168米，即为蒋母之墓。只见墓穴正中扇形应栏上刻有“壼范足式”四个大字，系孙中山亲笔题写。壼，壶字多一划，读坤，意思是宫中之路，代表女性；范是模范；足是充分；式是榜样。四个字连起来的意思是“女中的模范，的榜样”。...牌楼是进入蒋母陵园的第一站，石碑坊为四柱三门式。中门上刻着“蒋母墓道”四个字，所以从这里到蒋母墓统称为“蒋母墓道”。从石碑坊到蒋母墓，是一条长668米的卵石路，两旁松林夹道。行约300米，有一座亭子，跨路而筑，形状很象古代书生的方巾帽。从墓庐上行168米，即为蒋母之墓。只见墓穴正中扇形应栏上刻有“壼范足式”四个大字，系孙中山亲笔题写。壼，壶字多一划，读坤，意思是宫中之路，代表女性；范是模范；足是充分；式是榜样。四个字连起来的意思是“女中的模范，的榜样”。横式墓碑“蒋母之墓”，也是孙中山的亲笔所书。拜台上刻有凤竹图，暗寓蒋母是葛竹村飞出来的一只金凤凰。蒋母陵园的墓庐叫“慈庵”，它是蒋氏后代子孙守孝居住之地。因为墓中只安葬着慈母，没有严父，故名“慈庵”。它初建于1923年，到1930年又进行了扩建，共有平房三幢，主屋5间。慈庵主屋内有四块石碑值得驻足观赏。正门迎面是孙中山的《祭蒋太夫人文》，与谭延闿手书。背面是《先妣王太夫人事略》，记述了王采玉的生平。左右两壁，分别刻着《哭母文》和《慰劳蒋总司令文》。,8:00-17:15,https://img1.qunarzz.com/travel/d6/1807/33/2871e9f34270a0b5.jpg_480x360x95_99320f2e.jpg,4.4,建议游览时间：1小时 - 2小时,,包含于蒋氏故里景区内，通用蒋氏故里景区门票。,,10
紫竹林,http://travel.qunar.com/p-oi707863-zizhulin,,在南凌云路中段，旧有紫竹林观音殿，今地并非原址，1989年新辟，紫竹成荫，并筑廊榭长15米。,,https://img1.qunarzz.com/travel/d7/1712/2e/0b08ff77ae4554b5.jpg_480x360x95_492623dc.jpg,2.5,,,,,10
宁波春晓洋沙山Ningbo Chunxiao Yangsha Mountain,http://travel.qunar.com/p-oi710877-ningbochunxiaoyangsha,"

地址:
宁波市北仑区春晓镇春晓街道宁波经济开发区春晓园区南约2公里处


电话:
0574-86788168

","宁波春晓洋沙山，是宁波市知名的海滩旅游风景区，位于浙江省宁波市北仑区春晓街道宁波经济开发区春晓园区南约2公里处，临近中国港口博物馆，地理位置是北纬 29°45'3.87""N 东经 121°54'36.96""E。",全年 8:00-20:00,https://tr-osdcp.qunarzz.com/tr-osd-tr-manager/img/cd8c0addc1dc4ed3027ff632ebb6e93b.jpg_480x360x95_a8df659c.jpg,4.4,建议游览时间：2小时 - 3小时,,具体收费情况以现场公示为主,,10
月老阁Matchmaker Pavilion,http://travel.qunar.com/p-oi718055-yuelaoge,,月下老人是中国民间传说中的媒神（红喜神），月老阁就是根据这个传说建造的。月老阁位于西隐禅寺的西南边，按照苏州园林建筑风格构建。天井是典型的江南民居格调，左右厢房可供男女双方在婚礼前化妆之用。正前方五间房屋是举行婚礼庆典仪式的地方。月老阁大厅正中是玉雕月下老人，左右两边分别为麒麟送子和麒麟献宝。据说，在月老阁举行婚姻，让月下老人证婚，寓意婚缘天定，双方白头偕老，象征天长地久，美满幸福。,,https://img1.qunarzz.com/travel/poi/1803/f3/5c1cabc6881e1b37.jpg_480x360x95_ff73847c.jpg,3.0,建议游览时间：1小时,,包含在天下玉苑60元景区门票内。,,10
南天坛,http://travel.qunar.com/p-oi721729-nantiantan,,南天坛位于景区西南由丽，按照1：1的比例仿北京天坛的祈年殿而建造，殿高38米，底直径24米，造型分上、中、下三层，屋檐层层收缩作伞关状，巍然屹立于矫子龙由上。恢弘壮观，气度非凡。 南天坛是按明清天坛始建军时原形原貌而建，琉璃瓦颜色呈蓝、黄、绿三色，殿内外全部采用古建筑彩绘中最高档次的、多为皇家建筑所用的金龙和玺彩画。殿内顶的中心是巧夺天工的龙凤藻井图案，大殿中央设玉八卦，上方正位由玉皇大帝和财神，关圣帝组成。,,https://img1.qunarzz.com/travel/d3/1505/a1/42691dfe9b4103.jpg_480x360x95_bab0b4b3.jpg,4.0,,,,,10
宁波城市展览馆Ningbo City Gallery,http://travel.qunar.com/p-oi706905-ningbochengshizhanlan,"

地址:
鄞州区宁穿路2000号


电话:
+86 574 8766 8586

",宁波城市展览馆位于市外马路195号，建筑面积约7400平方米。展览馆外观色彩斑斓，建筑风格现代时尚，是一座集展览、旅游、会务、休闲、娱乐为一体的现代化综合性展览馆。展示的主题是城市发展的历史沿革、辉煌成就、宏伟蓝图。因此，城展馆是宁波人文、历史以及城市建设发展的一个缩影和历史见证，也是人们认识并了解宁波的一个重要窗口。,全年 全天开放,https://flight-feed.qunarzz.com/as3/414/image/poi_vishnu/ee063168-546d-44cb-8b9f-b1f540a1a819.jpg,4.4,建议游览时间：1小时 - 2小时,,景区暂时停业，原门票免费。,,10
天童寺Tiantong Temple,http://travel.qunar.com/p-oi5740483-tiantongsi,"

地址:
宁波市鄞州区东吴镇天童禅寺


电话:
0574-88480525,0574-88480624

",天童寺距离宁波26公里的太白山麓，其历史可以追溯到晋朝，是宁波有名的千年古刹之一。来这的游人香客不多，寺里时常能看到僧人在散步或打坐。即使你没有佛教信仰，来感受宗教氛围，呼吸新鲜空气也是不错的体验。和其它寺院不同的是，天童寺有三道山门，沿着林荫小道上山，会依次经过伏虎亭、古山门和景倩亭，路上远远就能看见山上的万佛塔。因为寺院就在天童国家森林公园旁边，一路上的景色非常好，满眼都是绿色。再往前，走过走七塔苑的七座石塔，就到了万工池，这里的两个池子原来是放生池，如今一个池子里还有不少放生的小乌龟。万工池对面的照壁上写着“东南佛国”四字，周围的树木和寺院的建筑倒映在池水中非常好看，引得不少游人在这儿拍照。旁边的广场上有许多鸽子，哄抢着游人丢的饲料。进入寺院顺着山势往上走，中轴线上的主建筑依次是佛殿、法堂（藏经楼）、罗汉堂，宏大的建筑群之间以长廊相连接，因此进入寺庙便能“晴天不晒太阳，雨天不走湿路”。如今寺中较古老的建筑是明朝重修的佛殿和方丈殿，古朴庄严。西侧法堂内供奉着顺治皇帝所赐的鎏金药师铜像，东禅堂现为藏品陈列室，展出一些佛教文物。不容错过的是北侧的罗汉堂，里面的罗汉石雕非常精美，人物神态自然老成，颇有神韵。爬到较高处的应真亭，在这里俯瞰寺院全貌和四周的山景，视野十分开阔。亭子周围还有许多纪念碑，多为日本佛教团体和佛教人士所立，许多香客和游客在这里休息、赏景、拍照。下山回到“东南佛国”照壁，从照壁旁边的小路往左走，不远就是千佛塔，塔附近有一个提示牌写着“古天童”。顺着路走过一段比较冷清的小道，便能来到竹林深处的古天童。比较常规的行程是，上午游玩天童寺后，中午稍事休息，下午继续前往天童国家森林公园爬山，而后乘车返回宁波市区。,全年 06:00-17:00,https://img1.qunarzz.com/travel/d5/1703/49/88c90985998306b5.jpg_480x360x95_ba60003d.jpg,4.6,建议游览时间：1小时 - 2小时,,{'天童禅寺电子导览票大小同价\n\n': ['¥6起']},,10
三隐潭Sanyintan (The Three Hidden Pools),http://travel.qunar.com/p-oi7526134-sanyintan,"

地址:
宁波市奉化市西北部三三省道旁溪口风景区


电话:
400-181-7718,0574-88855555

",风光集峰、洞、潭、涧于一体，分外秀丽。三隐潭分上，中，下三潭。隐潭之水从三个崖口腾跃而出，折成三个瀑布，瀑布下有潭，隐隐若深不见底。上隐潭流水两壁巨石矗立，陡壁深壑，岩石上青苔斑驳，沟坎边苍松伫立。潭上架一座石桥，瀑布循崖倾泻，流水呈线条形状，水撞击两崖壁，震耳回响，谷底桥上，雾气弥漫，水雾蒸腾，给人以清凉之感。中隐潭块石纵横，跌宕怪异，流水绕石而行，盘旋曲折，经过千难万险，冲出岩层。然后，一鼓作气，喷出崖口，向东边折射，形成飘逸的飞瀑，山风吹起水沫，四向飞溅，分不清是雾是雨，诗情画意，尽现眼前。下隐潭巨石成堆，交叉相叠，大小块石堆积足有十多平方米。其中有个石笋峰，高达20多米，石笋峰在潭上，深潭在峰底，显露各半。,5/1-9/30 08:00-16:30;10/1-4/30 08:00-16:00,https://img1.qunarzz.com/travel/poi/1410/28/698ed977cb4c2b26ffffffffc8d65eac.jpg_480x360x95_0ba798ae.jpg,4.6,建议游览时间：1小时,,包含在雪窦山风景区内，通用于雪窦山风景区门票。,,10
天童国家森林公园Tiantong National Forest Park,http://travel.qunar.com/p-oi712061-tiantongguojiasenlingong,"

地址:
宁波市鄞州区东吴镇天童风景区


电话:
0574-88480015

",天童国家森林公园位于宁波市鄞县东郊的太白山麓，距宁波28公里，面积707公顷，是我国早建立的3个森林公园之一。天童森林公园是一个以森林、寺庙、奇石、云雾、溪瀑构成风景名胜区。园内有九峰、二涧、五洞、四墓以及古朴苍劲的古树名木，神秘莫测的岩洞、深邃幽幻的峡谷等奇异自然景观。森林公园由于受到海拔、地形、植被和水体的综合影响，园内年平均气温为16.2摄氏度。夏季这里的气温比市区低3--4摄氏度，大日气温差值达6摄氏度。秀丽的山林风光，舒适的气候条件，天童是一个旅游、...天童国家森林公园位于宁波市鄞县东郊的太白山麓，距宁波28公里，面积707公顷，是我国早建立的3个森林公园之一。天童森林公园是一个以森林、寺庙、奇石、云雾、溪瀑构成风景名胜区。园内有九峰、二涧、五洞、四墓以及古朴苍劲的古树名木，神秘莫测的岩洞、深邃幽幻的峡谷等奇异自然景观。森林公园由于受到海拔、地形、植被和水体的综合影响，园内年平均气温为16.2摄氏度。夏季这里的气温比市区低3--4摄氏度，大日气温差值达6摄氏度。秀丽的山林风光，舒适的气候条件，天童是一个旅游、避暑、休憩和科研活动的理想境地。,景区暂时停业，详情请以景区公示为准；原开放时间8:00-20:00,https://img1.qunarzz.com/piao/fusion/1805/a1/eeaa17d40d843702.jpg_480x360x95_97d05a7e.jpg,4.4,建议游览时间：2小时,,{'天童森林公园门票成人票\n\n': ['¥14.9起']},,10
天宁寺塔Tianning Pagoda of Ningbo,http://travel.qunar.com/p-oi708246-tianningsita,"

地址:
宁波市海曙区中山西路

", 天宁寺始建于唐太中五年(851年)，原名国宁寺，宋宗宁二年(1106年)改名为崇宁万寿寺，改和元年(1111年)更改名为大宁万寿寺，建炎年间，毁于战火，不久重建。元至大二年(1309年)为倭寇所毁，后又重建。明洪武十五年(1382年)改为天宁禅寺。近代改称“天宁寺”。寺前原建有东西两塔，东塔已于清光绪年间崩塌。1995年配合中山改造对东塔基进行了考古，发掘出残塔基。现存者为天宁寺的西塔。原因塔砖上有正书“咸通四年(863年)造此砖纪”之铭文，1995年在西塔组修时，又发现了许多咸通年间的塔砖。故有“成通塔”之称，由于该塔比较矮小，又形似乌龟，所以俗称“乌龟塔”。 天宁寺塔系砖结构，立面呈抛物线状．平面呈正方形，每边长约3.20米，共五层，逐层收缩。每层用砖叠涩出檐，出檐较远，有别于北方常见的唐塔。塔内部呈筒形，底层四面均开设壶门，以上每层四壁均设有龛。塔高约12米，壁厚约0.76米，占地面积为10.42平方米。天宁寺塔是浙江省现存年代较久的一座唐砖塔，也是我国仅存的唐代寺前双塔实例，对于研究唐时的宗教文化和佛教建筑具有重要的作用。现西塔已按原貌复原。2003年对天宁寺遗址进行了考古发掘，基本搞清了唐宋时期中轴线以东的寺院格局，现已原址保护。,全年 全天开放,https://tr-osdcp.qunarzz.com/tr-osd-tr-manager/img/7d05b86ecab0a98176afe100d32df620.jpg_480x360x95_ddc70365.jpg,4.7,建议游览时间：1小时 - 2小时,,具体收费情况以现场公示为主,,10
